 RG_2P WAVE FUNCTION FILE
 PARTICLES      5
 MASSES  0.1642420551744000E+05  0.1000000000000000E+01  0.1000000000000000E+01  0.1000000000000000E+01  0.1000000000000000E+01
 CHARGES  0.4000000000000000E+01 -0.1000000000000000E+01 -0.1000000000000000E+01 -0.1000000000000000E+01 -0.1000000000000000E+01
 SYMMETRY (1+P23)(1-P24)(1-P25-P45)
 BASIS_SIZE    100
 CURRENT_ENERGY -0.1424349446844155E+02
 ==============================
      1   0.1572714755101208E+00 :      1      3  -0.9784096770958042E-01  0.2391088611948213E-03 -0.6248470637417896E-02  0.3546931150205186E-03  0.1483631428902431E+01 -0.8510688832593373E-03  0.4669609055180614E-01  0.4258879202353201E+00 -0.3217375548507917E-02 -0.1722215561726800E+01
      2  -0.7400581342867710E-01 :      1      3  -0.2987368336909327E+00  0.4376242708382398E-02 -0.1233581824061757E-02  0.5917409878447581E-02  0.1332813649106571E+01 -0.1516587455870463E-02  0.6220684589469575E-01  0.3938835379460843E+00 -0.2894438051347844E-02 -0.1678885747634091E+01
      3   0.1118101649600937E+00 :      1      3   0.9951799221561587E-01  0.1045923290337290E-02  0.8993734837332843E-02  0.7328699458908203E-03  0.2125159498046419E+01  0.7702471083789774E-04  0.3871055782109673E-01  0.4134025085845762E+00  0.9365328159420762E-02 -0.2701320832107311E+01
      4  -0.2384906391611968E-01 :      1      3  -0.2992011998296812E+00  0.2188480718350582E-01  0.2897512191111509E-02  0.1397717207737607E-01  0.4655200142424383E+01  0.2391171470307281E-02  0.3592679279430848E-01  0.3790007963426685E+00  0.1197657002398655E-01 -0.1953165979646555E+01
      5   0.9194732043118978E-01 :      1      3   0.9914606314154750E-01  0.2076384559985390E-03  0.7966931051219523E-02  0.5164937087503473E-03  0.2967607726664967E+01  0.2044089333136150E-03  0.1877367004581480E-02 -0.4137414964743027E+00 -0.1098728224238167E-01 -0.1089623801201989E+01
      6  -0.7842036936516492E-01 :      1      3  -0.3055396563391045E+00 -0.3159893878811145E-02 -0.1192389405493632E-01 -0.5284359787886838E-02  0.2096719083571853E+01 -0.5097122359317950E-03  0.9078124543256492E-01  0.4422941437526619E+00 -0.3203442754133573E-02 -0.2549985329105417E+01
      7   0.6100935522668514E-01 :      1      3   0.1000449555866316E+00 -0.2213831562563712E-03  0.1044075024801075E-01 -0.1896530602370034E-03  0.4437960807165177E+01  0.1245680348111005E-03  0.4847631246897099E-01 -0.3334545231221631E+00  0.2308342381195184E-02 -0.2049884203224112E+01
      8  -0.5983853440711741E-01 :      1      3  -0.2967416069581767E+00  0.1073533558237435E-02 -0.6085220938406215E-02  0.4210411726381412E-02  0.2671991734799194E+01  0.2173320321145583E-03  0.1895759593270610E-01 -0.4180929606438938E+00 -0.5414210763373037E-02 -0.1153229879437451E+01
      9   0.1974552849946944E-01 :      1      3   0.1001465249206253E+00  0.3856080081161749E-03  0.9551776541282125E-02 -0.9845449855587641E-03  0.1956255623132993E+01 -0.1449061985098452E-03  0.4371998144099437E-01  0.3674654920483812E+00 -0.3008661973749016E-02 -0.7629956995379169E+01
     10  -0.9091846853344809E-02 :      1      3  -0.3901727025181056E+00  0.1271794690153299E-01 -0.2289862230782143E-02 -0.9244963726569785E-02  0.1834330571241832E+01  0.2549536570533064E-03  0.2498015611697477E-01  0.2969196356973806E+00 -0.7749550655163075E-02 -0.8270388967207159E+01
     11   0.9650007399051351E-02 :      1      3  -0.9989845002182166E-01 -0.1575194276249266E-02 -0.1139750336512230E-01 -0.2462269098085265E-03  0.1144598565024977E+02  0.1623421349690633E-03 -0.3628358897259928E-02 -0.3137393052313976E+00  0.2169895849877802E-02 -0.1645518093474730E+01
     12   0.5291337844428273E-01 :      1      3  -0.9879830459444175E-01 -0.1611014253360274E-03 -0.7240142353213214E-02 -0.1987423903528930E-03  0.1361225553168953E+01 -0.3065525921430154E-03  0.2013664212013217E-01  0.4472534623426069E+00 -0.1300703807031770E-02 -0.4380051586861332E+01
     13   0.9336175196469515E-01 :      1      3  -0.9731146452834094E-01 -0.4732504418447079E-03 -0.5555974060970540E-02 -0.7065178972456889E-03  0.1844052786273831E+01  0.1102550777061943E-01  0.4433167255913938E-01  0.7054512723171449E+00  0.6795785991022435E-01 -0.1274199497306655E+01
     14   0.3206578949885280E-01 :      1      3   0.9883318784348494E-01 -0.3581860367152405E-05  0.7205823392089627E-02  0.2726269702253899E-03  0.3665361096995796E+01  0.8564392291825363E-04  0.2466837707537352E+00  0.4840711760617932E+00  0.2983224983418293E-02 -0.4553884870581564E+01
     15  -0.3284437528157691E-02 :      1      3   0.3108086736335384E+00  0.1015489548672003E-01  0.2630181886580943E-02  0.2258207731689005E-03  0.1307910026151468E+02 -0.3781684165119894E-03  0.7794356306083654E-03 -0.3664700071317804E+00  0.1036674903065584E-01 -0.1409451229485071E+01
     16   0.5576454035021950E-01 :      1      3  -0.9773868301358729E-01  0.2062676964345077E-03 -0.2717736981095244E-02  0.3487599352411349E-03 -0.1646490575945093E+01 -0.2437189605591746E-01 -0.8787458752791798E-01  0.7549930057955544E+00  0.1839078635230173E-01 -0.3182337221537650E+01
     17  -0.6349573502218751E-01 :      1      3  -0.3566772602660251E+00 -0.4741320289908751E-02 -0.5260425890989796E-01 -0.6127756123414750E-02 -0.1754716246068161E+01 -0.1382985523125616E-01 -0.3247669530327539E-01  0.6636663700694051E+00  0.6919028113617798E-01 -0.1321570721378033E+01
     18  -0.3013326896979899E-01 :      1      4   0.9858180377587611E-01  0.4858528769403049E-04  0.3431707366690398E-03  0.5994207342494236E-02  0.5591808228775824E+01  0.4231897885653138E-02  0.2200327048470849E-02 -0.1368631885729124E+01 -0.2103943469944649E-01 -0.6005618237425200E+00
     19   0.3438736745176813E-02 :      1      3  -0.9863164707563485E-01 -0.8550144019242053E-03 -0.5700725184206540E-02 -0.8663276395789131E-03  0.2211284699680316E+01 -0.3138367041684480E-02 -0.1040291196267347E-01  0.4965161069744072E+00 -0.1517608651284019E-01 -0.1712567179346610E+02
     20  -0.3857598677161227E-01 :      1      3  -0.4478248784057142E+00 -0.5026022285238747E-02 -0.6391540142585290E-02  0.4859558274173515E-02  0.1214586742481033E+01 -0.4673047762248525E-03  0.9238231224354295E-02  0.3011323417861575E+00  0.1393615310240713E-03  0.4086783945927050E+01
     21   0.1421443727831914E-01 :      1      3  -0.9770324047433340E-01 -0.1315746905183363E-03 -0.5224191827699099E-02 -0.4523934879000060E-03  0.7983123260726757E+01 -0.3906140272943937E-04  0.4107184883725919E-01  0.5248784491823135E+00 -0.1712575647644839E-01 -0.2615492846734075E+01
     22   0.2857883548699918E-01 :      1      3  -0.9896240455648700E-01 -0.4670424306579951E-03 -0.6076389783812870E-02  0.7358084324104966E-05 -0.1749611162967417E+01 -0.1127681292986716E+00 -0.1619572808035833E+00  0.1095554973795212E+01  0.1341357818428490E+00 -0.2027212198772071E+01
     23   0.1524765289722811E-01 :      1      3  -0.9631125735367800E-01 -0.3828540025238769E-03 -0.4501260916695319E-02 -0.1385626745231173E-02 -0.2212891982013063E+01 -0.8844246421486120E-02 -0.1233965788225420E+00  0.7590446771838573E+00  0.3383404494230709E-01 -0.6471855763145980E+01
     24   0.8349469137855131E-01 :      1      3   0.9684569019060274E-01  0.3070019832352573E-03  0.5057197815076722E-02  0.2459478924079083E-03  0.2966219538929396E+01  0.6346825215171674E-03  0.5141271060919285E-01 -0.6006782979094836E+00 -0.7610950821356239E-02 -0.1973230583522628E+01
     25   0.6874808732284252E-01 :      1      3   0.9945082019518511E-01  0.1804919801750772E-02  0.8268581553550111E-02  0.1455896398275313E-02  0.9617625123187323E+00  0.2726569079828586E-01  0.1115361379905764E-01  0.5690882973102867E+00  0.1050348597284720E-01 -0.2159595923128395E+01
     26  -0.2087021101162914E-01 :      1      3  -0.3058732050208812E+00  0.1896001673213847E-02 -0.1446496646363745E-01  0.4170001888174283E-02  0.3348677574996902E+01  0.5187487818529731E-03  0.1980704038297245E+00  0.4633305194844098E+00  0.4539457149893369E-02 -0.4500769939083328E+01
     27   0.5536422325478713E-01 :      1      3   0.1009711015889941E+00  0.1427852972462994E-02  0.1058390573620395E-01  0.2706466287300161E-02  0.1506642798270789E+01  0.2700776216274711E-02  0.2438245584567453E-01 -0.4353647485854895E+00 -0.1646435897961123E-01  0.8946531013792770E+00
     28  -0.1828974954273728E-01 :      1      4   0.9800515602932917E-01  0.7017614955053089E-03  0.1803086330093898E-02  0.1394789948371658E-01  0.4961930182992775E+01 -0.1077284080443862E-01 -0.3421583707000164E-03 -0.1157251181255173E+01  0.6025083965858007E-03 -0.2535934473737684E+00
     29  -0.1041561677494661E-02 :      1      4   0.9891939809546527E-01 -0.1313581082435643E-02  0.2090660873667323E-02  0.1309360313009403E-01  0.2820023957565972E+02  0.1694258714871356E-02 -0.1983448500808941E-03 -0.2250637920592151E+01  0.1485939525749555E-02 -0.2821531470597580E+00
     30  -0.2732022388769848E-01 :      1      3   0.3224080076875249E+00 -0.1186743261666901E-01 -0.1921761663792049E-01 -0.2082987618292660E-01  0.1691270607222887E+01  0.5505727262653957E-01  0.1134192425513103E+00  0.9250176939418456E+00  0.1081784096350151E+00 -0.2633805929444830E+01
     31   0.3911420032880751E-01 :      1      4  -0.3612768365254513E+00 -0.7153111046857709E-02 -0.4711565348222674E-02 -0.5893827331781849E-01 -0.3434656865978355E+01 -0.4410266608212451E-01  0.1909417581228791E-02  0.1926368425853655E+01  0.5771382795958439E-02 -0.6699336864495958E+00
     32  -0.2018471780224932E-02 :      1      3   0.4770075556252694E+00  0.1007317935781999E-01  0.1188736060726376E-01 -0.3290551329973489E-01  0.1426233976037763E+01 -0.6869492450107842E-03  0.1180284355547633E-01  0.3081310103508149E+00  0.9003457107043341E-02 -0.1813436544474812E+02
     33   0.1977431316035647E-01 :      1      3  -0.9689126860011099E-01  0.3929626740644121E-03 -0.5627036318032731E-02 -0.3041160405371379E-03 -0.4112830030595255E+01 -0.4551493886152475E-02 -0.1248911012517064E+00  0.1026384184171758E+01  0.1407366735613094E+00 -0.2838368845213140E+01
     34  -0.4047328664895675E-02 :      1      4  -0.9818905935049778E-01 -0.8389794216286123E-03 -0.1620985711479168E-02 -0.5333815778651382E-02 -0.1332501984503543E+02  0.5377312783012031E-02  0.5205184305928283E-03  0.1535876650004370E+01  0.5881681934422721E-01 -0.8248193942581720E+00
     35  -0.2146984908794121E-01 :      1      4   0.9714210152944493E-01 -0.2442227125510690E-03  0.1868610695410611E-02  0.4337410650845704E-02  0.3415829302662954E+01 -0.1089370606713227E-01  0.1263986520869422E-02 -0.9080302262732888E+00 -0.1488294998989901E-01 -0.9639883857225647E+00
     36   0.3388316286721274E-02 :      1      3   0.9875986817676918E-01  0.7998026975821821E-03  0.7746464874441480E-02  0.1806714688068453E-02  0.6301105441766843E+01 -0.1170942211600524E-02  0.8143033966199246E+00  0.4883176005327583E+00 -0.8173272556457176E-02 -0.9797318283058063E+01
     37   0.3983779663022734E-03 :      1      3   0.3371235920947720E+00 -0.8886281945198722E-02  0.3367251472441085E-02  0.9669618397886345E-02  0.1582059549717270E+01  0.8099597357971132E-04  0.1612100999850915E-01  0.9775735815406429E-01 -0.6987753958697013E-02 -0.5018660189196362E+02
     38  -0.7657766746891689E-02 :      1      3   0.4971593897171832E+00 -0.1331809961474224E-01  0.1435988855482536E-01 -0.2416882938474969E-01  0.8278730629283089E+01  0.2443943639157782E-03  0.7505884197674993E-01 -0.3129880945594857E+00 -0.8337846793949350E-02 -0.3104944798628058E+01
     39  -0.1549444419571292E-01 :      1      3  -0.3177490159849218E+00  0.2504458964406389E-02 -0.2831078606608669E-01 -0.4591173087286249E-03  0.6158347197410514E+01  0.1276797329450104E-02 -0.3067402839501929E-02  0.5391952121017696E+00  0.3599240832728184E-01 -0.1128445404896971E+01
     40   0.8238252647976837E-02 :      1      3   0.9793281516561141E-01  0.1173824225026502E-02  0.6137135528134230E-02 -0.3209785651746848E-03  0.1093259483053858E+01  0.1762162392158380E-01 -0.6782536898093709E-02  0.5618021377517356E+00  0.3010857344045703E-02 -0.1029532126430613E+02
     41  -0.1034614617906731E-01 :      1      3   0.3273631565874708E+00 -0.7463338364142293E-02 -0.1533038918694736E-01 -0.1073525761071909E-01 -0.2503695807029681E+01 -0.2169310574010069E+00 -0.8344353125899075E-01  0.1713342794824987E+01  0.7583201556325749E-02 -0.1376019589342767E+01
     42   0.1074299425620704E+00 :      1      3  -0.1003226991685225E+00 -0.1464125518768986E-03 -0.1407048606303005E-01 -0.8579910438453724E-03  0.2211717185153819E+01  0.7187211918823609E-03  0.8686660224272150E-01  0.2721010257998869E+00 -0.3219641832491687E-03 -0.1607845216873057E+01
     43   0.7734622662668689E-01 :      1      3   0.9924384267746825E-01  0.8243483569017314E-03  0.1306184221715078E-01  0.6363635258584706E-04 -0.1177278569054062E+01 -0.2302414121530612E-04 -0.4457722234462631E-01 -0.2821803947132266E+00 -0.1324746848769269E-02  0.2797568241513283E+01
     44   0.1617902671035288E-01 :      1      3  -0.9911242804121227E-01  0.7542193326534471E-03  0.3708870291737236E-04 -0.3781664749960384E-03 -0.2628224184239135E+01 -0.2004441847394466E+00 -0.5750350160056550E-01  0.1731327866671683E+01  0.1827352849121048E-01 -0.1323519101131641E+01
     45   0.3783123384084015E-01 :      1      3   0.9789736003541637E-01 -0.4202470224405541E-03  0.1343841091964626E-01  0.3849322927417665E-03  0.2569917400450139E+01  0.4234068195726206E-03  0.1752741821333746E+00 -0.2643083488897334E+00  0.9934797027084252E-02 -0.3859645526836844E+01
     46   0.2119050003890031E-01 :      1      3  -0.9706905125172981E-01 -0.1110210613157228E-02 -0.4633123840039360E-02 -0.2364047848821993E-02 -0.1211935633164261E+01 -0.1415530060810521E+00 -0.3023390191171917E-01  0.1171865902955446E+01 -0.3850669249507914E-01 -0.9579554858888765E+00
     47  -0.1218339709342831E-01 :      1      3   0.3706198209939405E+00  0.5175373724127953E-02  0.5727483966601955E-01  0.6486793973006645E-02  0.2061169400831790E+01  0.1662041411751044E-01  0.1019381448275928E+00  0.7571459553070911E+00  0.8731193162766045E-02 -0.6000305110737159E+01
     48   0.8277099405283083E-02 :      1      3   0.9883630347770342E-01  0.1601695719635039E-02  0.7035115112852442E-02  0.1581937448237251E-02 -0.1074350325106494E+01 -0.1622040528716566E+00  0.3903553016735648E-01  0.1121377938994562E+01  0.7794518345068013E-01  0.5503524058585209E+01
     49   0.8412091497788791E-02 :      1      3  -0.2776612673576366E+00  0.1061835756406536E-02 -0.4967398024448812E-02 -0.1910941074163210E-01  0.7018687385231934E+01  0.7583413669772453E-05  0.2128777655803269E+00 -0.9855454704300841E-01  0.1436261809666461E-02 -0.4014219768221339E+01
     50  -0.3641368557475751E-01 :      1      3  -0.3328802426926749E+00 -0.5825287807573761E-02 -0.3971171290772013E-01 -0.3153861637687499E-02  0.8767736544276006E+00  0.3766563589544499E-01  0.3822885421243550E-02 -0.5841822258975615E+00 -0.2011556665175447E-01 -0.2127591942764729E+01
     51   0.1716797677503833E-02 :      1      3  -0.9756036418898982E-01  0.4962976077148700E-03 -0.6747974552551605E-02  0.1964461913393454E-02 -0.3085814150524960E+01 -0.3798785491548635E-01 -0.7379445254847304E-01  0.1021427973436545E+01  0.1368014875965358E+00 -0.1282279948002512E+02
     52  -0.2415113787811708E-03 :      1      4   0.9833365023520768E-01  0.1070509880321983E-01  0.1565848899027844E-02  0.9970796178984458E-02  0.6156745897765427E+02  0.4038985307728603E-03  0.1645751570268163E-03 -0.1210154091955115E+01 -0.9645042135044267E-02 -0.4125052015010860E+00
     53   0.2807179893958753E-02 :      1      3  -0.9916223696095677E-01  0.6026068020317869E-03 -0.1277167107716554E-01 -0.2043421909858911E-02  0.1244065678585835E+01 -0.2245384239807588E-03  0.4489086234206389E-01  0.2920732038516240E+00  0.3525580361817084E-02 -0.1778845247414742E+02
     54  -0.7557352762150434E-03 :      1      3   0.4685311365017792E+00  0.3116972299367456E-01  0.9715676152328961E-02  0.2873527750214907E-01  0.2626182283626720E+02 -0.2718658545144448E-03 -0.1605849333321383E-02 -0.3086619411929306E+00  0.1381127208256515E-01 -0.2611463233602586E+01
     55  -0.2457676286827666E-02 :      1      3   0.5091192154843495E+00 -0.1052070726835392E-01  0.1259730675581460E-01  0.8168034011677480E-02  0.5056725619762805E+01  0.6270823834673750E-03  0.6334662913976725E+00  0.3148646570214910E+00 -0.1966012238472363E-02 -0.1063447278792539E+02
     56  -0.2980993606460321E-02 :      1      3   0.3728232777313660E+00 -0.1738891498473268E-02  0.5346412695607805E-01  0.1130644186057419E-01 -0.1157009854382426E+02  0.7232003503082764E-03  0.5484037165360287E-02 -0.8437427569850754E+00 -0.1499875230856278E+00  0.1666310629910572E+01
     57  -0.6640666261009776E-01 :      1      4   0.9980193027453570E-01  0.1190830330885208E-02  0.5202476604221380E-03  0.1306945168798218E-01 -0.1049529711863654E+01 -0.5280412491703516E-01 -0.2203375160077357E-03 -0.1368419458221785E+01 -0.5757941752719609E-03 -0.2855223501174112E+00
     58   0.1351974062495571E-01 :      1      3   0.9974768122470838E-01  0.1020231627928946E-02  0.1400522465158891E-01  0.1251592165900046E-02 -0.1175489111773395E+01 -0.5297880247391519E-03  0.1301033826411083E-01  0.2651794412349707E+00  0.8253410742417882E-02 -0.6400864347009103E+01
     59  -0.1916789549453410E-01 :      1      3   0.9817375364802020E-01  0.5255538770583570E-03  0.8614391342524926E-02  0.8789013065464250E-03 -0.2390949060935954E+01 -0.2263393172674626E-02  0.1543402730416534E+01  0.4544228418973506E+00  0.2341705617973572E-01 -0.1941998892649890E+01
     60   0.3935242214457799E-02 :      1      3   0.2675615010523449E+00  0.1341611485147613E-01  0.4945635778991363E-02  0.7195126175060110E-02  0.3377220019026750E+01 -0.3411586492814346E-04  0.2208240736059380E+00  0.9825655338570745E-01 -0.1152423755225632E-02 -0.1081977077307295E+02
     61  -0.8203065912973833E-02 :      1      4  -0.9704595809898739E-01 -0.1189219237963027E-02 -0.2156928106149953E-02 -0.5146367204586597E-02  0.1114461226754158E+01  0.6212833735103010E-01  0.2154874818705007E+00  0.1601756999728860E+01 -0.6125448629413972E-01 -0.2623239825544734E+01
     62  -0.6780992512575319E-02 :      1      3   0.3920045912897875E+00  0.5927280624930798E-03  0.3697561730980672E-01  0.5943509720763782E-02  0.4717067659487361E+01  0.1543176204893048E-01  0.4123381680274935E+00 -0.1051604023636384E+01 -0.1767020464454182E+00  0.3380629759684397E+01
     63   0.3775146516949142E-02 :      1      3   0.4352530234931398E+00 -0.3015505632771574E-01  0.9553486759434883E-02  0.1096119309402595E-02 -0.4334782697779124E+01 -0.1322312752454323E-02  0.3198595539055323E+01  0.3187501924553947E+00 -0.2508190019471993E-02 -0.2928968451676816E+01
     64  -0.1932677459286195E-02 :      1      3  -0.9874764567593680E-01 -0.2321326224890924E-02 -0.8423829962691899E-02  0.1652342658922265E-02 -0.9425038434413457E+01  0.4238836006453204E-03  0.8644691874952009E+01  0.4735191523488713E+00  0.2290041222416126E-02 -0.3929364773173860E+01
     65  -0.4302377734709295E-02 :      1      4  -0.9428838075901505E-01 -0.9613566928732315E-03 -0.1390770666086971E-02 -0.4280384969146333E-02  0.7117075832419673E+01 -0.2104676495349240E-02 -0.1002015741113961E-02  0.1310303529748729E+01  0.1345483227582533E-01 -0.1567676170548654E+01
     66  -0.2689071433806906E-01 :      1      3  -0.4798446051610644E+00 -0.2077277003689974E-01 -0.9822681439960540E-02 -0.1473977120447891E-01 -0.1224916790742446E+01  0.7122133008178082E-03 -0.2546778092422026E-01  0.3058025406776572E+00  0.4504576697591186E-02 -0.8503633853192683E+00
     67   0.1280332746394326E-01 :      4      3  -0.8031157726661839E+00  0.6408302445015071E-01 -0.6264641170451549E-02 -0.2743966038420112E-01  0.3198730073066142E+01 -0.2318670986782866E-03  0.3823669735240317E-03 -0.3651388065237331E+00 -0.1630328763946598E-01 -0.9035537766636161E+00
     68  -0.1583551642084915E-01 :      1      3   0.3721159839613297E+00  0.9507486003127874E-02  0.8884985559836932E-02  0.1316371968332054E-01  0.1020324095364713E+01  0.1566306728442829E+00  0.4358826072907362E-01  0.1215105508956838E+01  0.5826286174886846E-02 -0.1232329962636641E+01
     69   0.1886641790897102E-02 :      1      3  -0.9826315233454178E-01  0.1050797481167139E-02 -0.6735011420609326E-02 -0.1280785259143160E-03  0.2166766939898154E+02  0.3010028947507939E-03  0.3923761573389107E-02 -0.4658637411189839E+00 -0.1945205734248664E-01 -0.1098329864076814E+01
     70  -0.2119657283799083E-02 :      1      4  -0.9803883366482237E-01 -0.7040908074748046E-03 -0.4719047826222492E-03 -0.8527742855765420E-02  0.1730436909678027E+02  0.7226480837836338E-01  0.3579908476925267E-03 -0.4176742537019772E+01 -0.7764969970978836E-04 -0.4621891432958337E+00
     71   0.7323512914923250E-03 :      1      3   0.7190543725474939E+00  0.6222450441709658E-01  0.7545768470711471E-03 -0.2293826166928874E-01  0.1292794846159353E+01  0.4781472608764822E-04  0.7120697559567776E-01  0.9823400589752529E-01 -0.9963522202132642E-04 -0.3175035015303847E+02
     72  -0.4273690478755207E-02 :      1      3  -0.3434790047720530E+00 -0.6369088320574340E-02 -0.3946710923559994E-01  0.1026272725311056E-02 -0.9149631057537319E+00 -0.4543455653545375E-01  0.2495847844947418E-02  0.6238507543883121E+00  0.1588568677980851E-01 -0.8785396915352520E+01
     73  -0.2520319542842488E-03 :      1      3  -0.3311812078668104E+00  0.2611033900199354E-02 -0.2828499248473350E-01  0.3276531791575128E-02  0.1502236154402637E+01  0.1116246412328026E-01  0.1130466191496179E+00  0.5952216730947818E+00 -0.7579129793057916E-02 -0.5168874495428314E+02
     74  -0.5274099718772800E-02 :      1      3   0.3532920797647104E+00  0.1073425016211775E-02  0.1017925282453803E-02  0.4947498368445174E-02 -0.1143307894691726E+01 -0.2686497300689069E+00 -0.4701917370936347E-01 -0.1449918807559779E+01 -0.2281897610429979E+00  0.4638367736011504E+01
     75  -0.7841903430981058E-04 :      1      4   0.3759851972577679E+00 -0.2305215640971372E-01  0.2685972951186274E-02  0.2476993000676959E-02  0.1131495446066079E+03  0.6583686457159281E-02 -0.5280621350504773E-04 -0.2686964158847663E+01  0.2198775859204139E-03  0.9841340991922069E-01
     76  -0.5632789983812992E-03 :      1      4  -0.9690064700765821E-01 -0.8119795322147428E-03  0.1137776770531194E-04 -0.4459268400513335E-02 -0.3689020587876787E+02 -0.9222338951807494E-03 -0.4162585740692669E-03 -0.2374801881391888E+01 -0.3231170310529082E-01 -0.7624990655235629E+00
     77   0.9095917681692411E-02 :      1      3   0.9777675800953506E-01 -0.5028816394922814E-03  0.9254064728647713E-02  0.1408908505704756E-02 -0.7795016467846440E+01  0.6919037157714057E-03 -0.6069539480000679E-02  0.4145541586048608E+00  0.1175476089222749E-01 -0.9021268995138522E+00
     78   0.5908885418062614E-02 :      1      3  -0.9623214985188908E-01  0.1036476001464154E-02 -0.7742460891445104E-04  0.1309209328377061E-02 -0.1837116653916370E+01 -0.3889914227588577E+00 -0.2063997340132088E+00  0.2028730486506187E+01  0.2566017253746118E+00  0.4150740107268384E+01
     79   0.6141410625350133E-03 :      1      3   0.1000268415302745E+00 -0.9015339810932595E-03  0.1000680272964243E-01 -0.1144346048931486E-02  0.4143384871057706E+01  0.7934865289793824E-03  0.1423940458263925E+00  0.3860427342173778E+00  0.1998759512386178E-01 -0.3257848863343146E+02
     80   0.1225414508443120E-01 :      1      3  -0.9717165150462599E-01 -0.1236614462509512E-02 -0.5616255301697594E-02  0.1447477788972333E-02  0.7409649057554774E+00  0.3083082637288046E-01 -0.1926323868852820E-01 -0.4990649284057009E+00 -0.3374945989697614E-02 -0.4261416580656852E+01
     81  -0.9482207059889135E-02 :      1      3  -0.6723606782194668E+00 -0.3094402365538491E-01 -0.2104281713439769E+00 -0.1638493897656631E+00 -0.2032900626450923E+01 -0.8366935620049898E-01 -0.1256654356207720E+00  0.1090911252719686E+01  0.1966324073061064E+00 -0.1440633150019692E+01
     82  -0.1423525887933799E-02 :      1      3  -0.1009643719249308E+01 -0.5215502836965671E-01 -0.1963214908142716E-01 -0.2168676226369656E+00  0.2256374676980367E+01  0.2730291504368121E-03 -0.2736179827073692E-01  0.3959781517693661E+00 -0.7842050361554418E-02 -0.1484840043641566E+02
     83   0.2290339191776393E-01 :      1      3   0.2632220641045946E+00 -0.3813761082845253E-02  0.4035499802689479E-02 -0.3068265974646039E-03  0.1929228945653258E+01 -0.3847759773538370E-04 -0.2006277581188460E-01  0.9619685338344287E-01 -0.4163455993446520E-04 -0.8268569843502723E+00
     84  -0.1509426433549522E-01 :      1      3  -0.5266047993386547E+00 -0.3251929293435023E-01 -0.1425867375232406E+00 -0.5322043547909412E-01 -0.1453741651748534E+01 -0.1960944175144093E-01 -0.5382548130728262E-01  0.7166375979642650E+00 -0.2528916753361377E-01 -0.3110596637959235E+01
     85   0.1675691901431082E-01 :      1      3  -0.9550988160838962E-01  0.5500297316795687E-03  0.2256450116494067E-02  0.1621386945741533E-02  0.9382878944418237E+00  0.1700996319423684E+00  0.2884249028505948E-01 -0.1224444201617187E+01 -0.1393192167476764E+00  0.2169441600799870E+01
     86  -0.7467473376766662E-02 :      1      3  -0.9902723865869462E-01 -0.1712496893123375E-02 -0.1156875867818480E-01  0.7846096803934580E-04 -0.4323055413465591E+01  0.6980193719919488E-03  0.3170587002600958E+01  0.3228170002697358E+00 -0.2363436207909897E-01 -0.2931913182437440E+01
     87  -0.4478125456858041E-02 :      1      3   0.4020754863148882E+00  0.1706430228583853E-01  0.4072755996311072E-01  0.2373730784120285E-01  0.1257929300264830E+01  0.2576029532968982E+00  0.7442404306278333E-01 -0.2924935857905279E+01 -0.6071520280621261E-01  0.1966489284872135E+01
     88   0.1855140103556255E-02 :      1      3   0.9317775587944073E-01  0.1085388450988839E-02  0.2017529540598733E-02  0.5490847255772730E-03 -0.2456261632301601E+01 -0.6242445123696594E+00 -0.8472383731016044E-01  0.4692996847531077E+01 -0.1220900534248197E+00 -0.1685396992357899E+01
     89   0.3464004251334084E-02 :      4      3   0.1358432078867552E+01 -0.8642311992136380E-01  0.1679507270572585E-01  0.3594737166090388E-01 -0.6207155620611479E+01 -0.8310919502092713E-03 -0.8396988045200478E-02  0.4535066715965894E+00  0.5477474779441468E-01  0.1387817352797051E+01
     90   0.2252364538043318E-01 :      1      3   0.5816750319376441E+00  0.4597595249346489E-01  0.2052279226951264E-03  0.2788456885473967E-01  0.8302916482244678E+00 -0.5351505714953544E-04  0.2413823470333290E-01  0.9610020950210499E-01 -0.1459864862388305E-02  0.1127941466953537E+01
     91  -0.1889965284515807E-02 :      1      4   0.9608821217814426E-01 -0.2181657210703972E-02 -0.1014749109068401E-03  0.3941808672370816E-02 -0.8737201363409046E+01 -0.5027089032437708E+00  0.3144166185420234E-02 -0.4876501210220783E+01 -0.4247002587695967E-01 -0.1071970485789585E+01
     92   0.8469873353438548E-03 :      1      3  -0.5868237795635929E+00 -0.4572917762386726E-01 -0.1497238747459279E-01 -0.7183963020726271E-01  0.9350065966119887E+01 -0.2582718707078981E-03 -0.8641896351335289E+01 -0.3281651456526012E+00  0.1213910346058851E-01  0.3815497895709561E+01
     93   0.5804984082897463E-03 :      1      4  -0.3604137587653537E+00 -0.1083810615295411E-01  0.1122514799353112E-01 -0.4497229361813072E-01 -0.1608487178021167E+02 -0.2963534422593634E+00  0.4090802628362586E-03  0.5932357306475065E+01  0.8505250006933820E-02 -0.6864012540851866E+00
     94  -0.5621570449334715E-03 :      1      3   0.6953011628943615E+00  0.1231033795112187E-02  0.2107797626226463E-01  0.3415957924804727E-01  0.2761731376148882E+02  0.1951018082782791E-03  0.5858960193395514E-02 -0.3484961585027199E+00 -0.1225997361812631E-01 -0.1054065495848753E+01
     95  -0.4937468163543798E-02 :      1      3   0.9598242200710179E-01 -0.7378756596981415E-03  0.2322494766040485E-02  0.9188258620092499E-03 -0.4146106717912870E+01 -0.1736188754319306E-01  0.2952024306573898E+01  0.8095282451773418E+00  0.2226965162850213E+00 -0.2675241935436355E+01
     96  -0.7809273376449412E-03 :      1      4  -0.9263263647285830E-01  0.6315528223436076E-03  0.1024402178462711E-02 -0.9524238837036831E-03 -0.1354281873875281E+01 -0.1508213913018449E+00 -0.2007544760470941E+00 -0.1547042880669883E+02 -0.6260006792869249E-01 -0.1596926141979370E+01
     97  -0.1175478206946992E-03 :      1      3   0.4719210044338458E+00  0.1875731432702041E-01  0.9301618089184612E-02  0.5763115242254228E-01  0.7784330626696665E+02 -0.1401276117527985E-04  0.2961386747604478E-02 -0.3215994970556064E+00  0.2060605771397166E-01 -0.1808855227897808E+01
     98  -0.4596788447675490E-03 :      1      3   0.3076057597529869E+00  0.9855823233589908E-02  0.9126197909878273E-02  0.3584021265038840E-01  0.3446074262648338E+01 -0.2536307370119398E-02 -0.5443059230084661E-01  0.4386307769256705E+00 -0.3078902673834200E-01 -0.2836746222299724E+02
     99   0.9173309926991059E-04 :      1      3   0.9478658486231414E-01  0.9308192111929647E-03  0.5685984911778158E-02  0.4123561035312651E-01  0.1947466882913418E+01  0.7334684572242100E-02  0.4228894373433362E-01  0.6161675805193519E+00  0.3695347018142790E-02 -0.1047124238661408E+03
    100   0.7332746859353157E-02 :      1      3   0.5692070815415512E+00  0.6252198505475766E-01  0.1367244574021789E-01  0.6240490519674932E-01 -0.2544954034256178E+01  0.1550036246737597E-02  0.1707556218198851E+01  0.3255460519659522E+00 -0.1232614359417418E-01 -0.1866576654238927E+01
