 RG_2P WAVE FUNCTION FILE
 PARTICLES      5
 MASSES  0.1642420551744000E+05  0.1000000000000000E+01  0.1000000000000000E+01  0.1000000000000000E+01  0.1000000000000000E+01
 CHARGES  0.4000000000000000E+01 -0.1000000000000000E+01 -0.1000000000000000E+01 -0.1000000000000000E+01 -0.1000000000000000E+01
 SYMMETRY (1+P23)(1-P24)(1-P25-P45)
 BASIS_SIZE    100
 CURRENT_ENERGY -0.1439282484060601E+02
 ==============================
      1   0.7915244694794454E-01 :      1      3  -0.3509705400360721E+00  0.2180624179598094E-02 -0.1299242953141887E-01 -0.4973771749292631E-02 -0.1492927855881201E+01 -0.4537639012497325E-03 -0.6340951239834886E-01  0.2325558256968232E+00 -0.2147543059818929E-02  0.3032219558008775E+01
      2   0.7985541029447747E-01 :      1      3  -0.2102081301683424E+00 -0.6601427295232796E-05 -0.2092635031996637E-01 -0.1381464029255137E-02 -0.2665410906502548E+01 -0.1665522915695740E-03 -0.6215458916192042E-01  0.3385410796640504E+00 -0.1152742859249543E-02  0.2050867437380197E+01
      3   0.2194921632556783E-01 :      1      3  -0.3589271504216445E+00 -0.4595500293657689E-02 -0.1465401996722590E-01  0.5820293717179399E-02 -0.1104549856737017E+01  0.2497714832283621E-04  0.1144312296954535E-01  0.2142117884843888E+00  0.2734864152815850E-02  0.5667043161261932E+01
      4   0.8639922754997770E-02 :      1      3  -0.2085310021033328E+00  0.7348832036788500E-03 -0.2077151362697792E-01  0.1489645063129651E-02 -0.9174415694824440E+01 -0.4560723492755010E-04 -0.1424211493339600E-02  0.3368498847103034E+00  0.1962182881581265E-02  0.1292378807483848E+01
      5   0.8466757157112589E-01 :      1      3  -0.3696092442160622E+00  0.1875658197935156E-03 -0.1415610890337896E-01 -0.7439108449854273E-02 -0.2090094004153299E+01 -0.8367619329114980E-04 -0.1308179856270381E-01  0.2293722364879788E+00 -0.4888885825602712E-03  0.1083994239634928E+01
      6   0.3696073884706391E-01 :      1      3   0.2365457345002031E+00  0.3974305746506109E-02  0.2143341680621684E-01  0.5378048540175559E-02 -0.4835447106591863E+01  0.6069454963805540E-03 -0.2011136603140502E-01  0.3791909490226450E+00 -0.8903971481682770E-02 -0.1769922513182023E+01
      7   0.1092255799003499E-01 :      1      3  -0.2273180804158552E+00 -0.2589599771108149E-03 -0.2157643446906227E-01  0.6861693046453297E-03  0.1985454625436599E+01  0.6933091905199085E-03  0.6327071910392428E-01  0.3500713121037132E+00  0.8611046435974969E-02  0.9411437555836784E+01
      8   0.1124144339143120E-01 :      1      3  -0.2070566396583836E+00  0.2607620541175505E-02 -0.2121346186593725E-01  0.2877938561773807E-02 -0.6238291555461972E+01 -0.3626392434476977E-03 -0.9958978174237558E-01  0.3244559991371177E+00  0.1329461969234375E-01  0.3278739790220481E+01
      9   0.3228764967323336E-01 :      1      3  -0.7255384679560136E+00 -0.4686972850908824E-01  0.2644205417365267E-02 -0.5731159300550301E-01 -0.1394114335183726E+01  0.2353341640380634E-04 -0.3204714556107700E-01  0.2016346902859465E+00 -0.4424237938545653E-03  0.1089288829918693E+01
     10   0.3001144275697205E-01 :      1      3  -0.3343204804582507E+00 -0.2504655884184870E-02 -0.1252258954453479E-01  0.1029209483373389E-01 -0.2517071301102386E+01  0.1177954809850681E-03 -0.5677626818149459E-01 -0.2043288636454932E+00 -0.3588503064160441E-02  0.4222744352399558E+01
     11   0.1246599417727051E+00 :      1      3  -0.4794564964114078E+00  0.6650428146244206E-03 -0.2330955759669239E-01 -0.1574536306603756E-02 -0.1737728330432016E+01 -0.8391382896125078E-03 -0.9440114559835882E-02  0.3360229734671031E+00  0.4982121856267497E-02 -0.2115166279637126E+01
     12   0.6399202353830837E-01 :      1      3   0.2909559587124925E+00  0.1161316899018759E-02  0.4059668189528543E-01 -0.6494974079122550E-02 -0.3403154027038072E+01 -0.3800157115874338E-03 -0.2724727442999661E+00  0.5134127086905669E+00  0.3155018576900781E-01 -0.2991832118311952E+01
     13   0.9193460561960783E-01 :      1      3  -0.3297785329369947E+00 -0.5455319761201072E-03 -0.1286926951277657E-01  0.2485411382747335E-02 -0.1409101909271097E+01 -0.1003460519804215E-03 -0.7436560635794569E-01 -0.2084148525399168E+00 -0.1723683737630182E-02  0.1581731825447480E+01
     14   0.3540988812366661E-01 :      1      3  -0.4837667866349876E+00  0.5339182699087042E-02 -0.2600001922595756E-01 -0.1193072173143313E-03 -0.1847835423489063E+01 -0.1840661261697196E-02 -0.8633283748308593E-01 -0.3469955989981209E+00 -0.3211263670517601E-02  0.4986098842508531E+01
     15   0.2255362239659446E-02 :      1      3  -0.3612823899463495E+00 -0.1816088784866052E-02 -0.1280334373908774E-01 -0.7163912501121751E-02  0.1044352537019023E+01  0.3583670129215308E-03  0.4251502305343832E-01 -0.2121596981304205E+00  0.4143117209499854E-02  0.1631419282692121E+02
     16   0.2964761667143859E-02 :      1      3  -0.3114321360526250E+00  0.1625513065981071E-02 -0.5007880076548456E-01 -0.5508884919255895E-02 -0.1554644371620621E+02 -0.3311034051430293E-03 -0.2899168110414069E-02  0.5080046274218787E+00  0.4466439670498396E-01  0.1072230145282816E+01
     17   0.1468062747811382E-01 :      1      3   0.3460950282596962E+00 -0.1106238945903492E-02  0.5184554402155403E-01  0.4480089038723816E-02 -0.7836667742051283E+01 -0.7017150651415032E-03 -0.1619280201497690E-01  0.5022411474809091E+00 -0.7402699402454575E-02 -0.2083811904601601E+01
     18   0.3765622376196792E-01 :      1      3  -0.6513836336848452E+00 -0.3807199015188812E-01  0.1822483150657322E-02  0.5079556396353608E-03  0.1447712028292077E+01 -0.2239858767761203E-03  0.6059123788505053E-01  0.2050431171039143E+00 -0.6988674985504458E-03  0.3026640208363468E+01
     19   0.7784432292618478E-01 :      1      3   0.4862507397609389E+00  0.2682496677514608E-01  0.2486562985679370E-01 -0.3892778428085824E-02  0.9972792351423483E+00  0.2741624578849953E-04  0.1452518738250343E-01  0.2902774887148761E+00  0.2676920480792008E-02  0.1638631773768182E+01
     20  -0.6873062196926748E-01 :      4      3  -0.1353131870467421E+01 -0.4899574029114216E-01 -0.4505045807520908E-03 -0.5438523185303789E-02 -0.2989995601031879E+01 -0.6218109631732606E-05 -0.1595634691169446E-02  0.3481345404965444E+00  0.4751518259009792E-01  0.4691276525600171E+00
     21  -0.1618395353663600E-01 :      4      3  -0.1360602660953869E+01  0.1352251093240129E-01  0.5985286035781594E-03 -0.2914076068943864E-01 -0.4632898931011753E+01  0.1252617222475151E-03 -0.1879942417160984E-02  0.2034853747857233E+00 -0.6452422415992747E-02  0.6628556774551289E+00
     22   0.9339385908648348E-02 :      1      3  -0.3248598552504914E+00 -0.4522385086175648E-02 -0.4075171430482512E-01 -0.7017104351995426E-02  0.1110232944410954E+01  0.1664306757943444E-01 -0.1076651544106856E-01  0.5621587353093630E+00 -0.1596753559508783E-01  0.8898934002574377E+01
     23   0.9704615685681668E-03 :      1      3  -0.3640203908753917E+00  0.8036823388926627E-02 -0.1323919160314884E-01 -0.1986648894898161E-02  0.2255063511898578E+01  0.2325249400218675E-03  0.2383032986839362E-01 -0.2220511175412057E+00 -0.4383986385273047E-02  0.2846243170658953E+02
     24   0.2823461711453456E-01 :      1      3   0.9676989040152943E+00  0.5250172847835407E-01  0.1261521069152485E-01  0.1002185642374773E+00  0.1436417135094754E+01 -0.1424027850329714E-02  0.6315424842159043E-01  0.3508038249911797E+00 -0.1532095016411568E-01  0.1645627373675300E+01
     25   0.3815248572354474E-02 :      1      3  -0.2250730467374302E+00 -0.8492585827416499E-03 -0.2395180901500815E-01 -0.4736410967299177E-02 -0.1491798381652522E+02  0.8466819530763891E-04  0.1515064654825713E-02  0.3737893575437691E+00 -0.8350189821173705E-02  0.2424327823950624E+01
     26   0.4160240176211111E-01 :      1      3   0.3446818572532154E+00  0.5525295276456114E-02  0.4922507662864198E-01 -0.4294203890515294E-03 -0.9975303012089761E+00 -0.2474085592554836E-01 -0.1390467499982402E-02  0.5593149299681979E+00  0.1606635334678032E-01 -0.3485832199161178E+01
     27   0.1060501085956194E-01 :      1      3  -0.1443544273949589E+01 -0.1233374758117116E+00 -0.1128162665532049E-02  0.8609069044137742E-01  0.1323150587170577E+01 -0.8000288946120616E-03  0.2431082727807047E-01  0.2884368445623486E+00  0.1510360892326243E-01  0.8201219872291813E+00
     28   0.7073028502719080E-01 :      1      3  -0.6414085226228224E+00 -0.2219175940199362E-01 -0.3573049142390811E-02 -0.3480532862203545E-01 -0.2178877948571250E+01  0.8034490829306492E-04 -0.4602163284729500E-01  0.2227272076780844E+00 -0.4631115353167763E-03 -0.1704321043633464E+01
     29  -0.1290509191054197E-01 :      4      3  -0.5765015879314137E+01 -0.4940788812993530E-01  0.3485146237205316E-04 -0.4532711828054858E-02 -0.2180851573725207E+01  0.2505218181074796E-03 -0.4240811050241785E-02  0.2138012523232399E+00 -0.1745993813165910E-02 -0.6782437730094220E+00
     30   0.1341134400396684E-01 :      1      3  -0.3178399828928977E+00  0.1474063236771590E-02 -0.5121190906621234E-01 -0.1094868938327398E-01 -0.5936179728292877E+01 -0.6941214391656132E-03  0.2558819200188804E-02 -0.4859462408975769E+00 -0.2861265595070178E-01 -0.9137371159084702E+00
     31   0.4145525609174679E-02 :      1      3   0.2279686213213877E+00  0.1208568272026488E-02 -0.2776701719596633E-02 -0.3173024518413368E-02 -0.9705095195808561E+01 -0.3714732724824931E-04  0.1357743127930057E-02 -0.7984706655238624E+00 -0.7515175926926583E-01 -0.1275526217573414E+01
     32   0.3880424116556796E-01 :      1      3  -0.7508994904722046E+00 -0.4513600410415496E-01 -0.4364979470703839E-01 -0.3693024860214808E-01 -0.2357468950541355E+01  0.1271527148761591E-03 -0.1869139642269760E+00  0.4204554750339526E+00 -0.2998307018936395E-02  0.2846862506225056E+01
     33   0.4622048538659043E-02 :      1      3  -0.7163222846325471E+00 -0.7693216620213376E-02  0.2806959430234757E-02 -0.4434578114777942E-01  0.7771547332678062E+01 -0.1992014279527731E-06  0.1076223993908074E+00  0.2091695230694532E+00 -0.3358866101180694E-02 -0.3252969402950026E+01
     34   0.2223857003245775E-02 :      1      3  -0.5075739795092858E+00 -0.1258872483160293E-02 -0.5547948950420203E-01  0.5103995514599643E-02  0.1816548184351017E+01  0.2041175003474410E-02 -0.2094285524150460E-01 -0.3881821112879510E+00 -0.7794387559246532E-02  0.1775399559968451E+02
     35   0.1179632098309338E-02 :      1      3  -0.3632160392758131E+00 -0.2118961202630649E-02 -0.6971436024484812E-01 -0.3819595204298194E-02 -0.2310199745523144E+02  0.3391112185230888E-04 -0.2697869630401398E-02  0.6055674957557631E+00 -0.1260757848332351E-01  0.2785025605886160E+01
     36   0.7541436129828617E-01 :      1      3  -0.3766072314428416E+00 -0.1661959900986046E-02 -0.1740964240038666E-01 -0.1071788622044068E-01 -0.1544042167501922E+01 -0.9186353869525911E-02 -0.2916539426663205E-01 -0.5438809056830892E+00 -0.3189711006000108E-01 -0.1135607202915466E+01
     37   0.8982273086084545E-02 :      1      3   0.5350038223166176E+00  0.6252069835978352E-02  0.7713109849596798E-01  0.2377000013356055E-01 -0.1601406683038823E+01 -0.6734346754017589E-01  0.1318169353728287E-01  0.9058309257449856E+00  0.5073159168442061E-01 -0.5836702771919425E+01
     38   0.2516160825094205E-01 :      1      3  -0.3609951308997100E+00 -0.2067668557198863E-02 -0.1461067244880941E-01 -0.1852885820934576E-01 -0.1031218007098162E+01 -0.5133832031198850E-03 -0.2736742892382028E-01 -0.2247233407583939E+00  0.1504575319141143E-02 -0.8990800239128304E+00
     39   0.2480464983477874E-01 :      1      3   0.2042767327253977E+00 -0.7601878881064365E-03  0.2156224393948599E-01 -0.1095458096409885E-02 -0.3809862139751210E+01 -0.1726811652575835E-03 -0.2312149221358222E-02  0.3211900363604382E+00  0.7931810655647884E-02 -0.1034001313565455E+01
     40   0.3270731722040471E-01 :      1      3   0.4041735698560590E+00  0.7955410168684659E-03  0.2610252130879770E-02 -0.3964704904399726E-02 -0.4223118917570043E+01 -0.2359030522552813E-02 -0.4052918007452662E-01  0.7094136358614628E+00  0.6789787763891454E-01 -0.1743939162491180E+01
     41  -0.2109107922545246E-01 :      4      3  -0.2742574254269749E+01 -0.5119995034253786E+00 -0.1466421515715594E-03 -0.3882136834146108E-01 -0.3550432832090672E+01 -0.1259189130819556E-03 -0.6611925494308147E-03  0.2261020656002534E+00  0.1759584893597087E-01  0.8898316556195585E+00
     42   0.1651594930988327E-01 :      1      3  -0.1309819400974518E+01 -0.1534762657305483E+00 -0.9841573364268808E-03 -0.5233420813880431E-01 -0.2818820523733888E+01 -0.3477625187493641E-03 -0.2172674943434439E-01  0.2287263155562762E+00 -0.4916293317116027E-02  0.1183960596456874E+01
     43   0.1634163608664808E-02 :      1      3  -0.3862733167904623E+00 -0.2885221162276988E-02 -0.1373944520095604E-01  0.1168174902263841E-01  0.4630364265181016E+01  0.6739807835820856E-04  0.4198837848575962E+00  0.2187700489725583E+00  0.6179842378231476E-03  0.1530640080311399E+02
     44  -0.1001175709842798E-01 :      1      3   0.2116207869473113E+00  0.6132234297080195E-02  0.2270976374357491E-01 -0.9274415201933371E-03  0.3065456264703800E+01 -0.2449015866313519E-02 -0.2023867237069193E+01 -0.3548447938302536E+00  0.1846973009827596E-01 -0.2365822099095337E+01
     45  -0.4001833135120199E-02 :      1      3   0.2381809438833106E+00 -0.1988108222837502E-02  0.3015683425715439E-01  0.3983792520742574E-03 -0.5700114748767125E+01 -0.1661057678222793E-03  0.4266099559901289E+01  0.4088903380817586E+00 -0.9506065341485119E-02  0.4060647247408710E+01
     46  -0.2145148333055174E-01 :      1      3  -0.6785761028734402E+00 -0.2306472122363299E-01 -0.2645518951276600E-01 -0.1501389816316218E+00 -0.3533622228675527E+01  0.2925472345693544E-04 -0.7540705611683939E+00  0.2866730381721280E+00 -0.2561562397481707E-01 -0.2808375890117346E+01
     47   0.2868296229788589E-01 :      1      3  -0.2015980071486831E+00 -0.1050835972443286E-02 -0.1962232668732469E-01  0.1402466535964643E-02 -0.8354135715581871E+00 -0.2979083954587482E-02  0.8435953455375822E-02 -0.3510686039703853E+00 -0.1255633732972595E-01 -0.2420705258531860E+01
     48   0.5488531709101229E-02 :      1      3  -0.3958848026903441E+00 -0.6265621981850013E-02 -0.4824197732620259E-01 -0.1625490818904080E-01  0.2990178141890349E+01 -0.2049047846766370E-02  0.1952012060220771E+00  0.6246946733155111E+00  0.2358178973895112E-02 -0.9445610972135048E+01
     49  -0.1056851847618983E-01 :      4      3  -0.6337254625957514E+01 -0.1185987245193751E+00 -0.5105331558180204E-04  0.5018410546469799E-03 -0.4407571759283330E+01  0.1309583823513512E-03 -0.8382545603505991E-03  0.2479052638950336E+00  0.3239171083382210E-01  0.4126599996320601E+00
     50  -0.1963725398649115E-01 :      1      3   0.5206951660679315E+00  0.3094389735593937E-01  0.2036481245713733E-01  0.3662671619165615E-01  0.1995812069850299E+01 -0.4979673659126309E-03 -0.1080770539006904E+01 -0.2944460673823817E+00  0.4866186277557169E-02 -0.1724339664701470E+01
     51   0.2325063806338908E-02 :      1      3   0.5396763960651894E+00 -0.6715148088062810E-03  0.1405234348090238E+00  0.6431399870583265E-01 -0.1120849654689735E+02 -0.1576050501077506E-03  0.8259344984532188E-03 -0.8191755953648450E+00 -0.1238451190008510E+00 -0.1566713701496043E+01
     52   0.5822249642232836E-02 :      1      3   0.2430947328799217E+01  0.6474607887168873E-01  0.8634473153470781E-03  0.2868558972407710E-01 -0.1173384517145700E+01  0.3364104806958161E-03 -0.6716861296697084E-01 -0.2012405044430829E+00  0.3187007574407142E-02 -0.1612044573851281E+01
     53  -0.5403653995349412E-02 :      4      3  -0.6082650587188481E+01  0.2934378764930765E-02  0.5311709112664526E-05 -0.1563680505518369E-01 -0.9855685487922580E+00 -0.8637059585877023E-03 -0.1383491716603006E+00  0.2225006319141126E+00  0.5825693528743803E-02 -0.1026967926757119E+01
     54   0.2157760424924770E-01 :      1      3  -0.9864299248121308E+00 -0.9704351006368901E-01 -0.8826791799190787E-03 -0.9350040006155126E-01  0.9535063559084344E+00  0.5947379525475507E-03  0.3909491811626971E-01 -0.2221227655615485E+00 -0.5096561578486663E-02  0.2015591782253292E+01
     55   0.2637864388948029E-03 :      1      3  -0.3144289979493238E+00  0.6355431010839743E-02 -0.4988296988895691E-01 -0.3167255693773812E-04 -0.6116018037433058E+02 -0.1801680047081441E-03 -0.6654036870262339E-04  0.6114188106833706E+00  0.8271223202629530E-01  0.1536474896681001E+01
     56  -0.4686834535625161E-02 :      4      3   0.1473340693355315E+01 -0.6691456270703136E-01  0.7370587369842727E-03  0.2561198055187949E-01  0.6335495831162230E+01  0.4580307292871013E-04  0.1946261482191301E-01 -0.2758867884479116E+00 -0.3706709209222797E-02 -0.1684735679735194E+01
     57   0.9557932347117334E-03 :      1      3  -0.2206229151721396E+00  0.3231403864269087E-03 -0.2222472822551284E-01 -0.3481378780023428E-04 -0.3047700591270324E+02 -0.5071572760617933E-04 -0.2126626955004097E-02  0.3679971512735564E+00 -0.8452157027504648E-03  0.1335574847667926E+01
     58   0.1669439603221040E-01 :      1      3  -0.2606200809871206E+00 -0.5980060138334153E-03 -0.2102545978722708E-01 -0.1143783104735145E-01  0.3023767568972176E+01 -0.6255982229408252E-02 -0.1317572507147599E-01  0.7107132530046653E+00  0.1553235972263193E-01  0.7787429645315969E+00
     59   0.3046224754256089E-01 :      1      3   0.4960492488728732E+00  0.3146417634261240E-02  0.7220572582192306E-01  0.5969749796179855E-01 -0.2399074273814426E+01 -0.2200994203678206E-01 -0.2571589071728981E-01  0.8803252150239369E+00  0.8979786619769545E-01  0.1156378204946751E+01
     60   0.1254450892364031E-01 :      1      3  -0.1128352972007137E+01 -0.1743628502737659E+00 -0.2225772471605697E-02 -0.5773016693420264E-01 -0.1749174865703892E+01  0.2319937393871929E-03 -0.5800090188342924E-01 -0.2828235579782793E+00 -0.1535967761950095E-02 -0.3649422623246712E+01
     61   0.5893610698392215E-03 :      1      3  -0.6518656189698568E+00 -0.6330715097385102E-01 -0.2278913024069295E-01  0.1342894113403284E-01  0.1030333989333886E+01  0.5061707330878796E-03  0.8264763884658805E-01  0.3175569167677305E+00  0.8124869505353535E-02  0.3177037595376525E+02
     62   0.2105511997271781E-03 :      1      3   0.3870179179931814E+00 -0.3846834160677906E-02  0.1474208637628518E-01  0.4850624140047760E-03  0.1401499802040932E+01  0.4401939452290076E-03  0.7557681767397681E-02 -0.2224780144689101E+00  0.4160829298931312E-02  0.6478503545914016E+02
     63   0.2419733744577454E-02 :      1      3  -0.7626555113298371E+00 -0.4470938325282358E-01  0.2615411293211974E-02 -0.2372422548348509E-01  0.1879121774579218E+01 -0.2612965132004003E-03 -0.8369753337599695E-01 -0.2112417015199285E+00  0.7583518216932459E-02 -0.1394249275206083E+02
     64  -0.8517255548988346E-02 :      1      3  -0.7771699974009485E+00  0.2276224664946414E+00  0.4036276414528125E+00  0.2879026676075948E-01  0.1291138165908103E+01  0.5863918662278980E-01  0.9710242062293559E-01 -0.5580666476920612E+00 -0.3833682165126415E-01  0.2420932836996602E+01
     65   0.5138295391077043E-02 :      1      3   0.5000176240736640E+00  0.2417736685041044E-01  0.4158148682225633E-01  0.4426410234226190E-01 -0.1050997103609260E+01 -0.6379194437582315E-01 -0.5565858114957088E-01  0.2349635808020555E+01  0.5962605691221494E-01  0.1541976906519224E+01
     66  -0.9129133497269099E-02 :      4      3   0.4227096736591854E+01  0.3502170228315219E+00  0.1212936486777314E-02  0.8106133384059844E-02  0.5259684761956898E+01  0.3771846874738784E-03 -0.5530547924532228E-03 -0.4178300162790364E+00 -0.9598693341024032E-01 -0.7419150436414662E+00
     67   0.2388328465404927E-02 :      1      3  -0.4788528858970623E+00 -0.1181854697009476E-02 -0.2405454152333432E-01  0.4944317594198114E-02 -0.1153752410131186E+02  0.3647842501791921E-04 -0.4892811278353264E+00  0.2765172813297233E+00  0.2226589836879364E-02  0.6248374484091613E+01
     68  -0.3095757851771562E-03 :      1      3   0.4551796099839051E+00  0.3329351077500921E-02  0.1835996633953291E-01  0.2760731498035972E-02 -0.1921427516531879E+02 -0.4940088741477684E-04  0.1857375831529985E+02 -0.2519055872014669E+00 -0.3019817793625154E-02  0.4849913243742290E+01
     69  -0.6764869594856504E-02 :      1      3   0.7235918240942649E+00  0.5449758668530121E-01  0.2933597839145185E-01  0.1294239241652524E+00  0.3819326928783925E+01  0.3256921493092454E-03 -0.2718482747031505E+01 -0.3436902261527554E+00  0.4171312121485221E-02 -0.2560356394965124E+01
     70   0.3288821482391319E-01 :      1      3   0.5611814803346378E+00  0.2799711510167900E-01  0.3121041969314288E-01  0.2744197960834257E-01  0.1272798963407556E+01  0.4676361025341946E-01  0.8379566847139161E-01  0.7539897768798968E+00  0.2560821386221880E-01  0.2210908696397475E+01
     71  -0.2812374453494286E-02 :      4      3  -0.7111864261400616E+01 -0.2199063118378459E+00  0.5879925669492494E-03 -0.3226403575052963E-01 -0.3524910953425641E+01  0.2719690496891598E-03 -0.3273082076006475E-01 -0.2874148853269539E+00  0.2991458376369491E-02 -0.1344347180194279E+01
     72  -0.9378244293928464E-02 :      1      3  -0.4938278479145496E+00  0.1145754827731009E-01  0.3873350149211761E+00 -0.4785838136785956E-02  0.4124817501489063E+01  0.1154033834203112E-02  0.5851127390170616E-01  0.5353126958307073E+00  0.3575501885521942E-01  0.1807804225465452E+01
     73  -0.6715691481679178E-02 :      4      3  -0.2242056196563984E+01 -0.2927069876012268E+00 -0.1675436308290327E-01 -0.1501203600705946E+00 -0.3627044273637176E+01  0.2636567639099318E-02 -0.3763623547457078E-01  0.6017792608370300E+00  0.1007706241835037E+00  0.1438596297539809E+01
     74   0.2764559244349064E-03 :      1      3  -0.2215037924449139E+00  0.3784276033610617E-02 -0.2122796680040887E-01 -0.2254745257197679E-04 -0.4317096880385500E+02 -0.1002197301547129E-04 -0.1880184087556372E-01  0.4081649350701132E+00  0.7183843666464638E-02  0.4460720336005655E+01
     75  -0.6617470604483551E-03 :      1      4  -0.2072729700740785E+00  0.3516147986204650E-03  0.1192023158950569E-01  0.3740086733986345E-01 -0.2182252871371741E+02 -0.1018668086460855E-01  0.9123985881813429E-03  0.1776302756530208E+01  0.1001945775523813E+00  0.9680158578126599E+00
     76  -0.1198878881303094E-01 :      1      4  -0.4534371152026384E+00 -0.4813563456045568E-01 -0.4227600675210216E-01 -0.1070506802946437E+00  0.7985093630538255E+00  0.5123180826467436E-01  0.9879268834985892E-01  0.1139501521913819E+01  0.5270219344364056E-01  0.8498506444281592E+00
     77   0.4112806942588976E-02 :      1      3   0.2835851412686695E+01  0.4412251473841828E+00  0.1385809099772124E-02 -0.1183379277310337E+00 -0.2860239617293986E+01  0.1701454296976929E-02 -0.5642743252923559E-01 -0.3670814688430305E+00 -0.2013200367150377E-01 -0.1208381124167906E+01
     78  -0.1911388473913500E-01 :      1      3  -0.5414879158434601E+00 -0.6603252757277460E-01  0.2160276906727964E+00  0.7115968059155246E-01  0.1659983162375247E+01 -0.7586199967914428E-02  0.3832631574651472E-01 -0.3943861204453057E+00 -0.5762512550001121E-01  0.1177613192077078E+01
     79  -0.5171649277954192E-02 :      4      3  -0.8787253948993032E+00  0.6234152272897898E-01  0.1332127002993856E-01 -0.2571973114363180E-01 -0.5612945925910095E+01  0.1041436322882787E-02 -0.1138002281766419E-02 -0.1058376382524964E+01 -0.5571225203764206E-01  0.5083415019537332E+00
     80   0.2517577111628898E-03 :      1      3   0.3532306277437785E+00  0.1244715234135635E-01  0.6503800326323642E-01  0.2093357132078283E-01  0.3386208763467672E+01 -0.2506742988021313E-02  0.2835367461015668E-01 -0.6155139386073583E+00  0.4491424265590707E-01  0.4729096307835711E+02
     81   0.1291290637011962E-02 :      1      3   0.4271638781586838E+00  0.2164729332556306E-01  0.5959267531302229E-01  0.1910793068033021E-01  0.1298394850562891E+01  0.2074068632713524E+00  0.1135624875898440E+00  0.1436367622084952E+01  0.3243005617526861E+00  0.1315199514183111E+02
     82   0.1701180172694097E-02 :      1      3  -0.5221153206105003E+01 -0.3042569429652243E-01 -0.9587186876038763E-03  0.1148825580790021E+00  0.1424392912727711E+01  0.1689624258471942E-02  0.8734104936922923E-01  0.3234578173621683E+00  0.6058950577233753E-02  0.2121143562703661E+01
     83  -0.1137035104845994E-02 :      1      4  -0.3829527008567844E+00 -0.4427505524712608E-02  0.9645147199979292E-02 -0.3477097771237452E-01 -0.1212003745234767E+02 -0.1403893522912446E-01 -0.6880743318990033E-02  0.3199493516784198E+01  0.1751952872367022E+00  0.1317390354010149E+01
     84   0.4765627033579361E-04 :      1      3   0.6238253402531838E+00  0.3148480458584642E-01  0.2211251060444345E-01  0.3873086449665083E-02  0.1898371705654670E+01  0.3318359595041152E-03  0.1845457586826203E-01  0.3059397016785032E+00 -0.7936304334469426E-02  0.1453591482804113E+03
     85  -0.2708104951424034E-02 :      1      3  -0.1009884442448154E+01  0.3681732305462744E-01  0.9529253269232649E+00  0.1138499614023109E+00  0.2247162664726992E+01  0.8344571838313379E-02  0.2962028547197031E-01 -0.8170144676695975E+00 -0.2221292819181009E+00  0.1200092639265309E+01
     86   0.7063618721917168E-02 :      1      3   0.4023623513367477E+00  0.1736600270750020E-01  0.2553794534460672E-01 -0.7500209816033442E-02  0.8846631530535151E+00  0.1171850315877292E+00 -0.6956268575938736E-01  0.1450182669931138E+01  0.1318638830067502E+00 -0.3244346190324049E+01
     87  -0.7904459717178949E-02 :      4      3   0.9858687439391421E+00  0.5517435173879524E-01 -0.4855254371727446E-01  0.4039070420663701E-01  0.1706544206863392E+01  0.1790108062365653E+00  0.1942899025187962E-01  0.1403544959259143E+01  0.4631944230137165E-01  0.7739847914174161E+00
     88  -0.3261480228031049E-02 :      4      3  -0.4219933955187670E+01 -0.1532045742874277E+00  0.3296840635039693E-03 -0.2851051935313201E+00 -0.1939423726866277E+01  0.1373069640013410E-02 -0.4773087398826714E+00  0.2561628561198359E+00  0.6787175328963620E-02 -0.2502981045621367E+01
     89  -0.2669417271217259E-02 :      1      3  -0.6459438808161098E+00 -0.1273267022678970E-01  0.3571626727704224E+00  0.1612554960682882E+00  0.1872210655919170E+01 -0.1618351970069048E-03  0.1051865292095447E+00 -0.3891196526534902E+00 -0.1363122624178548E+00  0.6828479843546537E+01
     90  -0.1042486756619198E-01 :      1      3  -0.4864441595281476E+00 -0.4208624382031111E-01  0.2250901646718764E+00  0.1171340709805799E-01  0.1676174437533443E+01 -0.5722030145322365E-02  0.1117366797255263E+00 -0.3284360324492248E+00 -0.9511127781592572E-03  0.2764639821932661E+01
     91  -0.2573715164220937E-02 :      4      3  -0.3470164958680317E+01 -0.1098052067914904E+00 -0.5959726260284642E-01 -0.2533088182977007E+00 -0.1461550436821655E+01 -0.1112982388582510E+00 -0.3705530232044293E+00  0.8889829717260509E+00  0.2118210346290926E+00  0.1751046089359899E+01
     92   0.5361994237819035E-03 :      1      3  -0.8126897475669013E+00  0.1130153404852963E-01 -0.2442468088479504E-01 -0.1073950390130915E+00 -0.6780386811843603E+01 -0.4264262526900436E-03 -0.8828348384727956E+00  0.3353371578394060E+00 -0.7491138034201209E-02  0.1857050913939850E+02
     93  -0.2852697510482632E-03 :      1      4   0.4851963503390842E+00  0.1290948293564464E-01  0.4423478783992092E-01  0.1024781216555206E+00  0.3005045507314260E+02 -0.5277948099473001E-03 -0.2173363158857843E-02 -0.1063544560038579E+01  0.7005741221956860E-01 -0.1114485286243267E+01
     94   0.5460940119700145E-04 :      1      3  -0.2295227104658309E+00 -0.9796305722375959E-02 -0.2702978187574205E-01 -0.2008134878514297E-01 -0.1355229453326360E+03  0.5703415647540286E-04 -0.9242808997983297E-02  0.3925796411940680E+00 -0.1282422356889916E-01  0.2022862807130842E+01
     95  -0.6810871259521035E-03 :      1      3   0.4431374482110358E+00  0.1853571662501321E-01  0.1509391218167119E-01 -0.6867854227319045E-02 -0.9377292692917925E+01  0.5451236677408165E-05  0.9041875296426086E+01 -0.2409529593966235E+00 -0.5028117574807191E-02  0.2159284199414958E+01
     96  -0.1149894933886433E-01 :      4      3  -0.6285959519614813E+00  0.3409624740121339E-01 -0.7161436784502513E-02 -0.2117987637003427E-02 -0.1844074068798401E+01  0.1013481232133587E-02 -0.5357744355962308E-02 -0.3402467741414553E+00 -0.4379899095762391E-01 -0.5476282807317253E+00
     97  -0.8211209676196775E-03 :      1      3  -0.3741874670442545E+00 -0.1751353883043899E-02 -0.6827065905315782E-01 -0.5445151413710618E-02 -0.8912004985258557E+01 -0.4809194915487089E-02  0.7811837977903441E+01  0.8122710781857800E+00  0.1993033834455390E+00  0.4173415650383228E+01
     98   0.2053684312392025E-03 :      1      3  -0.1308166823012218E+01 -0.1495682169898809E+00  0.4201774746125026E-02 -0.4103280511723316E+00  0.2101278095667186E+01 -0.6636113971985925E-03  0.5517621153458034E-01  0.2486378141177632E+00 -0.9693458717103209E-02 -0.3412399716539245E+02
     99  -0.9306572049938273E-02 :      1      3  -0.3149393906800343E+00 -0.7807010144091611E-02 -0.3075443576753943E-01 -0.3689127523014809E-02 -0.2097986785699512E+01  0.1205147907398053E+01 -0.1255748557855146E+00  0.1299446293416578E+01  0.1407301487316877E+00  0.1910787665669991E+01
    100  -0.1873859292362518E-01 :      1      4   0.3055417828281697E+00  0.8250786501003299E-02 -0.1087790688259050E-02  0.1295708867377393E-01  0.1864376449449191E+01  0.1551358910760771E+00 -0.1042083834991814E+00  0.1947402133362589E+01  0.1478127474216667E+00  0.1515220643477305E+01
