 RG_1P WAVE FUNCTION FILE
 PARTICLES      3
 MASSES  0.1000000000000000E+31  0.1000000000000000E+01  0.1000000000000000E+01
 CHARGES  0.2000000000000000E+01 -0.1000000000000000E+01 -0.1000000000000000E+01
 SYMMETRY (1+P23)
 BASIS_SIZE     10
 CURRENT_ENERGY -0.2122004595065177E+01
 ==============================
      1   0.2089329489080258E+00 :      1  -0.1658283292559615E+00 -0.2581659039135704E-02  0.5930664473172798E+00
      2   0.1751809472218830E+00 :      1  -0.3371511582995029E+00 -0.1683221747642703E-01  0.1394682076464726E+01
      3   0.6691986494555356E-02 :      1  -0.3256830670396673E+00 -0.7132632415593938E-02  0.7692673076402804E+01
      4   0.1686419870145683E+00 :      1  -0.1723354913339067E+00 -0.8113347273709084E-03  0.2094834061895532E+01
      5   0.4504611116743017E-01 :      1  -0.3484412964742849E+00 -0.8318577879477144E-02  0.2984684229419317E+01
      6   0.3291783420214727E-01 :      1  -0.7488702824827497E+00 -0.2433905727934239E+00  0.7690696611107105E+00
      7   0.3332568274252531E-02 :      1  -0.1777144788992664E+00 -0.2983190142868113E-03  0.1426273619573561E+02
      8   0.2104226886140417E+00 :      1  -0.3089436337062231E+00 -0.2957018918104104E-01 -0.7099615559328776E+00
      9   0.3424588518323811E-01 :      1  -0.1704578489957123E+00 -0.7667894245020272E-04  0.4630350727110383E+01
     10   0.3964562316514159E+00 :      1   0.1698829615260753E+00 -0.4679860578350110E-03 -0.1075750601827428E+01
