 RG_0S WAVE FUNCTION FILE
 PARTICLES      3
 MASSES  0.1000000000000000E+31  0.1000000000000000E+01  0.1000000000000000E+01
 CHARGES  0.2000000000000000E+01 -0.1000000000000000E+01 -0.1000000000000000E+01
 SYMMETRY (1+P23)
 BASIS_SIZE     10
 CURRENT_ENERGY -0.2901291982957538E+01
 ==============================
      1  -0.3416402355383719E+00 :   0.4825734967754652E+00  0.5587187313995447E-01 -0.7480530027881288E+00
      2  -0.1267886985139722E+00 :   0.5063646461550418E+00 -0.1265668489952259E-01 -0.2234725751070888E+01
      3  -0.4823550340864226E-01 :   0.7842225957415081E+00  0.2387430081955814E-01 -0.3782842563781009E+01
      4  -0.4432796126554248E+00 :   0.1253832769575075E+01  0.6430280523006225E-01 -0.7535729927777093E+00
      5  -0.1110811017404651E+00 :   0.2212601947479969E+01  0.1166560628737074E+00 -0.1288707318601841E+01
      6  -0.3754824064786514E-02 :   0.7999255448566295E+00 -0.5720370068189311E-01 -0.1489078190571613E+02
      7  -0.1339691907080221E-01 :  -0.4714499866118105E+00 -0.6465249170057728E-02  0.6426154600916157E+01
      8  -0.1072304289288678E+00 :   0.3789150406892501E+00 -0.5206269797256858E-01 -0.1251715952012646E+01
      9  -0.1069841364871652E-01 :  -0.1687353395731628E+01 -0.4252706514870794E+00  0.6175221611327983E+01
     10   0.3073915492657380E-01 :   0.1698293438583957E+01 -0.1592728200644774E+01 -0.1239120234352657E+01
