 BASIS_TYPE RG_1P
 PARTICLES      5
 MASSES  0.10000000000000000000E+31  0.10000000000000000000E+01  0.10000000000000000000E+01  0.10000000000000000000E+01  0.10000000000000000000E+01
 CHARGES  0.40000000000000000000E+01 -0.10000000000000000000E+01 -0.10000000000000000000E+01 -0.10000000000000000000E+01 -0.10000000000000000000E+01
 SYMMETRY (1+P23)(1-P24)(1-P25-P45)
 BASIS_SIZE    100
 CURRENT_ENERGY -0.14564390723751641766E+02
 WHICH_EIGENVALUE      1
 EIGVAL_TOLERANCE  0.10000000000000000000E-11
 INVITPARAMETER  0.10000010000000000000E+01
 LAST_EIGVAL_TOL  0.10000000000000000000E+01
 BEST_EIGVAL_TOL  0.10000000000000000000E+01
 WORST_EIGVAL_TOL  0.10000000000000000000E-29
 GENERATOR_PARAM  0.69999999999999999999E+00  0.10000000000000000000E+01  0.30000000000000000000E+01
 ==============================
    100 -0.14564390723751641766E+02     10      0      0
 ==============================
 SAVE_HSWF I 100  none none none wavefunction.txt
 ==============================
      1 -0.41882131750279800566E+01      0      0      0
      2 -0.12285064653673772823E+02      0      0      0
      3 -0.13386777724222444634E+02      0      0      0
      4 -0.13851757081955741182E+02      0      0      0
      5 -0.14169651521895869681E+02      0      0      0
      6 -0.14247816785487196112E+02      0      0      0
      7 -0.14323990876872260852E+02      0      0      0
      8 -0.14348412270083912621E+02      0      0      0
      9 -0.14371803891297482506E+02      0      0      0
     10 -0.14453960410471434546E+02      2      0      0
     11 -0.14468734016634622500E+02      0      0      0
     12 -0.14476893493932670874E+02      0      0      0
     13 -0.14482377637025038553E+02      0      0      0
     14 -0.14487418511015714666E+02      0      0      0
     15 -0.14495225892631100543E+02      0      0      0
     16 -0.14500984449948802978E+02      0      0      0
     17 -0.14504881666227757050E+02      0      0      0
     18 -0.14507485093801714801E+02      0      0      0
     19 -0.14510099625311685653E+02      0      0      0
     20 -0.14524048276565220088E+02      2      0      0
     21 -0.14527387981965312632E+02      0      0      0
     22 -0.14528244701852291697E+02      0      0      0
     23 -0.14529519869824709794E+02      0      0      0
     24 -0.14530419534624632300E+02      0      0      0
     25 -0.14531917601695316576E+02      0      0      0
     26 -0.14532717605073774514E+02      0      0      0
     27 -0.14533637069501863561E+02      0      0      0
     28 -0.14534389717592899089E+02      0      0      0
     29 -0.14535513652677547411E+02      0      0      0
     30 -0.14536224129447506602E+02      0      0      0
     31 -0.14536765776497862998E+02      0      0      0
     32 -0.14537405194073786720E+02      0      0      0
     33 -0.14538027950244758350E+02      0      0      0
     34 -0.14538915631098715656E+02      0      0      0
     35 -0.14539311838634227231E+02      0      0      0
     36 -0.14539714349363157413E+02      0      0      0
     37 -0.14540154183368195303E+02      0      0      0
     38 -0.14540671670218975056E+02      0      0      0
     39 -0.14541302777548187732E+02      0      0      0
     40 -0.14541680414968247908E+02      0      0      0
     41 -0.14542586324859682376E+02      0      0      0
     42 -0.14543151502739878580E+02      0      0      0
     43 -0.14543488652213084469E+02      0      0      0
     44 -0.14543951872619798125E+02      0      0      0
     45 -0.14544436663814359162E+02      0      0      0
     46 -0.14544780712078521224E+02      0      0      0
     47 -0.14545208396279876984E+02      0      0      0
     48 -0.14545665928227236497E+02      0      0      0
     49 -0.14546018718354826191E+02      0      0      0
     50 -0.14550784661184301619E+02      2      0      0
     51 -0.14551079276004000080E+02      0      0      0
     52 -0.14551281844009701717E+02      0      0      0
     53 -0.14551467948386390453E+02      0      0      0
     54 -0.14551789802323187086E+02      0      0      0
     55 -0.14552136318854844096E+02      0      0      0
     56 -0.14556042883506340004E+02      0      0      0
     57 -0.14556173139492916390E+02      0      0      0
     58 -0.14556325906357137268E+02      0      0      0
     59 -0.14556541597960765716E+02      0      0      0
     60 -0.14556622707422910384E+02      0      0      0
     61 -0.14557112956025676396E+02      0      0      0
     62 -0.14557210072996516853E+02      0      0      0
     63 -0.14557347229712453171E+02      0      0      0
     64 -0.14557472176069026549E+02      0      0      0
     65 -0.14557573697213886135E+02      0      0      0
     66 -0.14557743444016202805E+02      0      0      0
     67 -0.14557850629318412048E+02      0      0      0
     68 -0.14557926803622158967E+02      0      0      0
     69 -0.14558013908367013417E+02      0      0      0
     70 -0.14558159998570527387E+02      0      0      0
     71 -0.14558432043806821250E+02      0      0      0
     72 -0.14558569543771114905E+02      0      0      0
     73 -0.14558676795126450423E+02      0      0      0
     74 -0.14558804815343941165E+02      0      0      0
     75 -0.14558886409531236943E+02      0      0      0
     76 -0.14559071760757916628E+02      0      0      0
     77 -0.14559214777629505735E+02      0      0      0
     78 -0.14559288758550242295E+02      0      0      0
     79 -0.14559421867798971963E+02      0      0      0
     80 -0.14559495456903278942E+02      0      0      0
     81 -0.14559604726481664984E+02      0      0      0
     82 -0.14559671406131076541E+02      0      0      0
     83 -0.14559765652560512897E+02      0      0      0
     84 -0.14559840942391973895E+02      0      0      0
     85 -0.14560006354137192660E+02      0      0      0
     86 -0.14560166442419356211E+02      0      0      0
     87 -0.14560228184541060359E+02      0      0      0
     88 -0.14560319430261304648E+02      0      0      0
     89 -0.14560403795744566393E+02      0      0      0
     90 -0.14560491660221047428E+02      0      0      0
     91 -0.14560582777702678011E+02      0      0      0
     92 -0.14560662441109543751E+02      0      0      0
     93 -0.14560726788197176456E+02      0      0      0
     94 -0.14560853615176594475E+02      0      0      0
     95 -0.14561007973127033587E+02      0      0      0
     96 -0.14561073547252683576E+02      0      0      0
     97 -0.14561166863465578135E+02      0      0      0
     98 -0.14561254499542572296E+02      0      0      0
     99 -0.14561300371611111853E+02      0      0      0
    100 -0.14564390723751641766E+02     10      0      0
 ==============================
      1      3  0.33859968349941114204E+00 -0.25932944968759970463E-01  0.11181231987003898498E+00  0.44448117995372991875E-01 -0.25807603514365442918E+01 -0.91465532485037826130E-02 -0.44136138689401301328E-02 -0.95437000804250558507E+00  0.11094327228387003034E-01 -0.13397274810604239021E+01
      2      1 -0.33015425795250413462E+00 -0.21338500492933703515E-02 -0.38461024538375841589E-01 -0.12519741204012802542E-01 -0.16303677018605013234E+01  0.49431329658340972999E-02 -0.11209429809341311964E+00 -0.36366137972045004965E+00  0.12735527223135289315E-01 -0.23214112389623147567E+01
      3      1 -0.30448162652410599353E+00  0.11601890782311239812E-01 -0.41201856673498586731E-01 -0.32472319756698351996E-01 -0.49442620300548561093E+01  0.17280540529154995106E-02 -0.17647674619000338848E-01 -0.38292638399021903132E+00 -0.97679598161561240757E-02 -0.20038606390376425045E+01
      4      3  0.28745397024885363275E+00 -0.13216336270614912202E-01  0.13370816969827018824E-01  0.17588068110036618863E-01 -0.14820257999610678795E+01  0.14353396013535767330E-02  0.34238387273057821962E-01 -0.38967690647664947191E+00 -0.14200750595076232300E-02 -0.84733109103064115798E+01
      5      3 -0.36658035974873979320E+00  0.11583474862047801566E-01 -0.46209255168709431208E-01 -0.11626869798889705504E-01 -0.24587158780668894602E+01 -0.76559002530281616734E-03 -0.78142765480511831088E-02 -0.36036547407868866477E+00 -0.91711937731143561668E-02  0.12312852442883059659E+01
      6      1 -0.40339047238018180911E+00 -0.47775692826118298415E-02 -0.95517305189323900551E-01  0.38195062325889015279E-01 -0.12815503973894344356E+02 -0.72018039202128482795E-03  0.13661942278523722383E-03 -0.47613945963666526662E+00 -0.77512312454232180007E-01 -0.16183992351840607429E+01
      7      1 -0.37910743980912638043E+00 -0.23889333756041341761E-01 -0.28859037322396160897E-01  0.11370679479517681315E-01 -0.30154269235925402932E+01  0.12875260221016019245E-02 -0.18998393726847763551E+00 -0.33150526128626691435E+00 -0.17068841063806415426E-01 -0.41046525513571693049E+01
      8      1 -0.45210061943535907858E+00 -0.33100499411280006037E-01 -0.77645351462879180608E-01 -0.17103175582353145671E-02 -0.41620075953311922233E+01 -0.26003711117955651704E-02 -0.17714933627607849802E-01 -0.42620958750389635828E+00 -0.50648628941803597059E-01  0.13785915930201179161E+01
      9      3 -0.35724351099206906558E+00 -0.25007058623292549410E-01 -0.43429826051661728333E-01 -0.92473161189193850105E-02 -0.10383582032166435051E+01 -0.65289019443223297654E-03 -0.69474933734062469631E-01 -0.37685865140117234134E+00 -0.87818144178784453315E-02  0.15426704167415270242E+01
     10      3 -0.36100334623167262685E+00 -0.33808428868579222033E-01 -0.45972785963285757332E-01 -0.56712785091634908425E-02 -0.98863381096874884777E+00 -0.41431845946079920342E-02  0.22199847063132380127E-01 -0.36833783570710330267E+00 -0.47943150897788575061E-02  0.41018525273055991016E+01
     11      3  0.42096348251761405758E+00  0.46676258212955655461E-01  0.37524894711325473388E-01  0.10649576888670597153E-01 -0.14173122080691751799E+01  0.22163257412325871807E-02 -0.62761258799620224348E-01 -0.25611511556254937515E+00 -0.15402801475102529993E-02 -0.34001068386513122747E+02
     12      1 -0.33156470774685793616E+00 -0.12307266727264633506E-01 -0.16972500640103486638E-01 -0.17769614675248901976E-01 -0.86039183678239475467E+01 -0.10212806930343243407E-02 -0.32912901462518023352E+00 -0.32487460848811001161E+00 -0.29934248000778808931E-02 -0.50712702468173781350E+01
     13      3 -0.29308541220216161675E+00  0.28580017503692840477E-01 -0.33648832156625647016E-01 -0.77685751860601190160E-02 -0.17190392373217219807E+01 -0.26376298390422800911E-01 -0.41250926992587625054E-01 -0.71911200902515082185E+00 -0.27216115076840079535E-01  0.40965232410293971497E+01
     14      4 -0.14597398404654166857E+01  0.38949232548977634008E-01  0.85468773387973684102E-03 -0.53961897102124508501E-01 -0.70096152410226272990E+01  0.67715701151933614028E-03  0.50837619154013210003E-03 -0.29723458384886653559E+00 -0.41484831308735165712E-01 -0.83954913824059575271E+00
     15      3  0.30300236736608542360E+00  0.97841584371924050390E-02  0.43416703387997840178E-01  0.14574631916057316737E-01 -0.12626891725465995143E+01 -0.44522846214694165785E-01 -0.23058454668999596324E-01 -0.71862325952619213805E+00 -0.66066049966051736201E-01 -0.18316050507814561661E+01
     16      1 -0.55689393858170016435E+00 -0.33290810414742851449E-02 -0.28042851381720965118E-01 -0.16426921499728529596E-01 -0.29063814901240497544E+01  0.16697325111907552376E-03 -0.10881290696583438886E+00  0.29813466166387084157E+00 -0.14475335209801041082E-01 -0.20694338975282281954E+01
     17      1 -0.43739923564171748441E+00 -0.14575241692941344599E-01 -0.18532555488026829153E-01  0.38566671579331430126E-01 -0.28051214892169055290E+02  0.33061030767816390418E-04 -0.17306532085824739642E-01 -0.31449901589161133957E+00 -0.78074465578854150904E-02 -0.37312637099914039659E+01
     18      3 -0.27204243421314172385E+00  0.28293053343170455693E-01 -0.25561319901118756845E-01 -0.15807427035652524706E-02 -0.16452389113175267327E+01 -0.66144448398330289317E-02 -0.19072710280854605649E-01 -0.61659101276803400114E+00 -0.54652573376464137489E-01  0.10249408819107852258E+01
     19      3 -0.30060789285977267219E+00 -0.93347893941943586814E-02  0.36359769335577185347E-02  0.17688703306761266915E-01 -0.18798890616185906546E+01 -0.28744937732597200831E+00 -0.70537163705575994082E-01 -0.18791224664075127166E+01  0.26942110527258679601E-01  0.12845400846819497643E+01
     20      3 -0.23797407266108130346E+00  0.19388466403707815756E-02  0.11593444080936172006E-02  0.90159632522543337472E-02 -0.30981925079570334976E+01  0.60355119111205542667E-02 -0.20180076263468307873E+00 -0.63771947167279612208E+00 -0.10940839623362752801E-01 -0.10058742863202569365E+02
     21      1 -0.51963434169060225304E+00 -0.44921901405431709956E-01  0.10666778569096918627E+00 -0.12392186465558297896E+00 -0.22155086480695934446E+01  0.70124712881312033160E-01 -0.20143992614236578848E+00 -0.12549199834494044011E+01  0.95944038663349869733E-01  0.37393198905055744224E+01
     22      1 -0.90909593929985027977E+00 -0.12867572073490947853E-01 -0.23314198452256990047E-01 -0.11322066290593733730E+00 -0.20782999857605902658E+02  0.20001120734081753446E-03 -0.33574847472154060845E-02  0.29703562547998064612E+00 -0.30891392496580353962E-02 -0.16336629531939346045E+01
     23      1 -0.13594006400545046332E+01 -0.20328518474410274518E+00 -0.30469567316889945428E-01 -0.18211163169107566469E+00 -0.35059343582572799003E+01 -0.32184941293907680831E-02 -0.23440365804498701610E+00  0.34111904153231628243E+00  0.11864216209717164250E-01 -0.24247209230569729333E+01
     24      3 -0.40331377724372683680E+00 -0.38498774352330281926E-02 -0.44479835239414423742E-01 -0.36062669349519259828E-02 -0.48704136366407811314E+01 -0.82805009453440628601E-03 -0.58971052475379034458E+00 -0.30507072240457173149E+00  0.99431504609107596327E-03  0.11567335606765070295E+02
     25      3 -0.33793328546489606023E+00 -0.98082830393480491894E-02 -0.68304584509113076406E-01  0.15861472928499711409E-01  0.97440211999670272577E+00  0.41831757177682197706E-01  0.11227249693103620734E-01 -0.65198425313143435703E+00  0.24638841936302541954E-01 -0.70101486444576778970E+01
     26      3 -0.52359838438413573741E+00 -0.62533461871081293973E-01 -0.30794983872108667156E-01 -0.53179647970917848481E-01 -0.26639816233019485059E+01  0.12849165367433048808E-03 -0.72769159693189133319E-01 -0.24632100151440574135E+00  0.40163919199038382154E-01  0.18535042507696894518E+01
     27      3  0.47720140121714142836E+00  0.65303710941893878582E-01  0.32908830718315650023E-01  0.93318798952275074424E-02  0.15541499260743300165E+01 -0.24584080991335206894E-02  0.62160277296379476073E-01 -0.25607914798639569952E+00  0.19119506009052340063E-01 -0.49207310276026858037E+01
     28      1 -0.24457007792922402870E+00 -0.53541574172159756124E-02 -0.60859142143590844747E-01  0.43057210924498759485E-02  0.10250624371987612144E+01  0.19986617219133965723E-01  0.32942414574342622264E-01  0.48907048899761437026E+00  0.22652669144726309354E-01  0.24473632761937535859E+01
     29      1 -0.25114818096573794084E+00 -0.12355922837817840465E-01 -0.39866060151555019430E-01  0.20259604405198654101E-01 -0.81782473476344542266E+01 -0.12193593578393261198E-02 -0.14805856221710035579E-03 -0.40427032211993244571E+00 -0.19996912523457785777E-01 -0.11988457837982960646E+01
     30      4 -0.25437222065070980308E+00 -0.14972201767616512853E-01  0.11804618279117928786E-01  0.38842007670393360680E-02 -0.34164574286240492989E+01 -0.43615787881002822764E-02 -0.27037365865595471037E-02 -0.93316042519441201575E+00 -0.23725494401368980909E-01  0.69792907593025216582E+00
     31      1  0.29502493780815147403E+00  0.12037955229545777432E-01  0.73590920376930022875E-01 -0.56055238824302986177E-02  0.96022308220736594594E+00  0.34925786261698230542E-01  0.42369248562427031704E-01 -0.42669858289057427159E+00 -0.52934866667366851416E-02 -0.12799859706410653614E+02
     32      1  0.66154968200951611457E+00  0.47815298146623422752E-01  0.44440020902881232032E-01  0.14942073311521605931E-01 -0.25093479843526133902E+01  0.17881584536509152614E-02 -0.17822235511384305314E+00 -0.29405324274807919204E+00  0.29002713631097904091E-01 -0.51943347074385544031E+02
     33      1 -0.22918255389547834243E+00  0.92671997496499576683E-02 -0.42903671215779260930E-01  0.61848019011539357866E-02 -0.15490351369033327303E+02  0.14596899493912910214E-03 -0.71154335842499046253E-02 -0.37439585288809542252E+00 -0.55548885873734067358E-03 -0.26847885875643353350E+01
     34      3  0.45314076253921678898E+00  0.30764766981579398361E-01  0.26783832870523008228E-01  0.34709735151207203920E-01  0.14496558171223978140E+01  0.12818375245643512893E-03  0.15764997303765123879E-01  0.25762294670846837640E+00  0.18737157800973498006E-02 -0.89737476058335320856E+00
     35      1  0.22529845282198010192E+00 -0.38784602068903064704E-02  0.92506311765113378546E-02 -0.14924236663228497005E-01  0.13184950659392184136E+01  0.57332021217845793569E-02  0.13156762642532565566E+00  0.24555768854790382651E+00  0.14836702290510754438E-01  0.26784719116431759641E+01
     36      1 -0.22954115214095708393E+00  0.10009227151722346337E-01 -0.66623616941733946615E-01  0.22912366159942041976E-01 -0.53476360794883051881E+01 -0.16998932082194784759E-02 -0.17684007863771704480E+00  0.46173426293378682850E+00  0.15070681810141429102E-01 -0.31597394833614618466E+01
     37      3 -0.35673073272834746357E+00 -0.45351904531496173310E-02 -0.63376259529992067899E-01  0.60075337268563440927E-02 -0.70797307312160519983E+01 -0.22272685364736586233E-02 -0.58643319097329884213E-01 -0.48332753852468416866E+00  0.18266383034250665566E-01 -0.24437755021969611304E+01
     38      1 -0.52586161484824185046E+00 -0.84506877795260892816E-02 -0.57686227665892277281E-01  0.12470387975076967097E-01 -0.17527491198237074445E+01 -0.18794330984311117055E-01 -0.13375257070493235335E+00 -0.47551896814937998466E+00 -0.28593433019535059463E-01 -0.29818296614102513349E+01
     39      1 -0.33501167663043993818E+00 -0.46292129094179430164E-01  0.43465545584208262105E-01 -0.30915007517445694719E+00 -0.23706232200899538336E+01  0.14065352138873046658E+00 -0.94688987413043847274E-01 -0.13298297362134553688E+01  0.79543071258493102941E-02  0.96760214533689954770E+01
     40      1 -0.26940309454595477484E+00  0.26243738147653437402E-02 -0.32428271540008007286E-01 -0.11298875169733128903E-02 -0.24633810471384573275E+02 -0.12790199646866522548E-04 -0.31068014198259028066E-02 -0.33680744149213458642E+00 -0.37486269667982883993E-03 -0.13325261788647814255E+01
     41      1  0.27493575382944934318E+00  0.76713491501691249321E-01 -0.11801664947842803300E+00  0.85639760687138037707E-01  0.12276391405811278854E+01 -0.30036482238603935812E+00  0.10908899398611743282E+00  0.98605822220409974563E+00 -0.15450794264329952388E+00 -0.23898221532950226324E+01
     42      1  0.21832788244052130888E+00 -0.24400408142850863205E-02  0.14758918756762947689E-01  0.68043065043861333687E-02  0.34064751063635021070E+01  0.18751446542980032965E-02  0.34167562507238045565E-01  0.28727328479202025768E+00 -0.16761188269962573311E-01  0.15957611943729892200E+01
     43      4  0.32083196476205069910E+00  0.33275535300780030978E-01  0.26289862066577391530E-01  0.68506577788546085190E-01  0.96942963909330129166E+00  0.40136201629288456009E-01  0.16475853182920376550E+00  0.12441396996066384201E+01  0.21647912902408556010E-01 -0.12353674856790472156E+01
     44      3 -0.29329974622976463943E+00  0.18313530408677528090E-01 -0.14873649663781015916E-01  0.14724621787042035159E-01 -0.10658547691438165679E+01 -0.23240836695922554700E-02  0.17174836648804261836E-01 -0.21302563872138067376E+00 -0.12696428510030727009E-01  0.58986219021450119753E+01
     45      3 -0.29729600401385070823E+00 -0.38691399983005422108E-01 -0.61092253541411927042E-01  0.14659799556929991067E-01 -0.10170265732132615479E+01 -0.22724319064513116286E+00 -0.29982983625852491503E-01 -0.13629799337815358498E+01 -0.23280233469388958559E+00 -0.34264771825820893706E+01
     46      3 -0.32903273068241635483E+00  0.27774157461062043415E-01 -0.89497924313749769981E-01  0.27284214850399044504E-01 -0.45576396012472946686E+01 -0.60892105371050329939E-03 -0.36657905767507889625E+00 -0.62498964242304022153E+00  0.39114840200493103677E-01  0.55991359720005200690E+01
     47      3  0.34587142223055534590E+00  0.38596010023815498006E-02  0.19345726960543237040E-01  0.72102223162096341004E-02  0.16559075101693707478E+01 -0.32853799155129343808E-03  0.75224379150904756176E-01 -0.21967762929913356364E+00  0.39782099181328337333E-02  0.14822598270659399417E+01
     48      3  0.41909673086347207094E+00 -0.60077611194367135302E-02  0.30064458349639105484E-01  0.71494866136943175780E-02  0.22238022097382621727E+01  0.13817622698676611725E-02  0.95922023628186054366E-01 -0.23683136772779411054E+00 -0.25713583841578684750E-01 -0.97049603366832931650E+01
     49      3 -0.38039598695842137180E+00 -0.13462207474016403186E-01 -0.42838600123631794504E-01 -0.20783260938941072174E-01 -0.72419489740935649863E+02  0.21188228184021070566E-05 -0.37177628468021385009E-02 -0.26784378302103974492E+00  0.55300271680523305027E-01 -0.22458286930205837845E+01
     50      3 -0.29139052292845072330E+00  0.14912429335844688882E-01 -0.51177161497828075565E-01  0.15660426249318706216E-02 -0.13939335799633640943E+01 -0.85574716101999667283E-01  0.25923601743301127096E-01 -0.99581091117823206484E+00 -0.87488544083683917779E-01  0.12886405988798872735E+02
     51      3  0.65144912535798792558E+00  0.60909661705493254661E-02 -0.12882279943886915599E-01  0.55118245699946259092E-01  0.19121961320047693816E+01  0.98311916397507312245E-02  0.14158326723997784027E-02  0.64983278440470616653E+00 -0.14456304708778416422E-01 -0.65050077272623572022E+00
     52      1 -0.25575569189192496586E+00 -0.17524265830682761916E-01 -0.34640600369660008216E-01  0.16746135258071287219E-01 -0.37465669591190603549E+01  0.10075019011526666914E-02  0.69487061930477553199E-01 -0.33376020681054550691E+00 -0.75352609892812129291E-02 -0.31413280282552251327E+02
     53      1  0.29140509998875439011E+00  0.41533680063753026940E-02  0.69170857304783734101E-02 -0.34532281392559658746E-02  0.20736841444424502891E+01  0.46404694304524064886E-03  0.82928012587064927803E-02  0.23052368803964176903E+00 -0.33712511638658848088E-02  0.91791854719737029272E+00
     54      1 -0.67820320313873456151E+00  0.47426481618059477083E-02  0.43752116305823956656E+00 -0.27134505412413273127E-01 -0.15831773158074983435E+01  0.12909602129889745842E-01 -0.10405576831134476049E+00  0.48026937331562840646E+00  0.55573546462900776890E-01 -0.24053115233917558868E+01
     55      3  0.33304662080385583992E+00  0.14211283503417324505E+00  0.34016589200804057982E-01  0.10290057479533390430E+00 -0.13338933704029324199E+01  0.13832455599386061741E-01 -0.10183184078486315381E+01 -0.29649060755355159942E+00  0.12475481958549797423E-01  0.22679692828693139408E+01
     56      3 -0.34601500167263761712E+00 -0.22910695517170683550E-02 -0.27729124469064829493E-01 -0.98275016694883252304E-02 -0.59775371340271695577E+01  0.13280339643144172944E-03  0.48398970809053957578E+01 -0.26617523056080485093E+00  0.40700779606980718914E-02  0.36236968700455124361E+01
     57      4  0.31168318404749170269E+00  0.20453002014421387917E-01  0.53936898124290991035E-01  0.54611530071861341368E-01 -0.13190241204884775893E+01 -0.95198003100483220296E-01 -0.23656424388658850921E+00 -0.22579879018574307427E+01 -0.10763173219776520628E+00  0.33484307203475607347E+01
     58      1 -0.63618013703745013234E+00 -0.10434606747981817937E+00 -0.41441333901562708194E-01  0.89402201824842150523E-02 -0.73826446439016666300E+00 -0.26094985884383155698E-01  0.18549609224947350454E-02 -0.38199975157355136717E+00  0.58901509745152798040E-02  0.23691731115702653943E+01
     59      1 -0.34699223081707735936E+00 -0.39945846154497127516E-02 -0.11269468924956393631E-01  0.34737071498509850266E-01 -0.35300586219738859725E+01 -0.82267359937510118409E-03 -0.28641961670461810055E+00 -0.22955226847273798324E+00  0.70279940079595667331E-03 -0.24501686714739479374E+01
     60      1 -0.48567418789525297035E+00 -0.82598723523689127707E-02 -0.21333049356326884635E-01  0.17382424524774924586E-02 -0.12530087209088569933E+02  0.32301769028547588737E-03 -0.63199666743599235890E-02 -0.27899982374518097610E+00 -0.64560166678279048490E-02 -0.94588655792220765616E+00
     61      3 -0.31950396962096703910E+00 -0.18053116883474870562E-01 -0.39887281731968979802E-01 -0.12796991372838332845E-01 -0.13313276628240335454E+02  0.81784833876682534185E-04  0.12685030710449922693E+02 -0.42282831871952514569E+00  0.51709063053884463340E-01  0.40926562942314668827E+01
     62      1  0.34494140921427062478E+00  0.13433419427427889532E-01  0.15241628856235636109E-01 -0.19331015244009601824E-01 -0.15147124303354835989E+01 -0.28194022172727222849E-02  0.41055718280507001623E-01 -0.31269041096901498917E+00 -0.44295153534085560016E-02 -0.10664791834926669107E+03
     63      1 -0.52057680539726190218E+00 -0.47462566747384690233E-01 -0.77470478084298818740E-01 -0.19866601449175669565E-01 -0.33903279792115645101E+01  0.52221348582224714432E-03 -0.89502210946166754085E+00 -0.26223009634255237536E+00  0.65967335501996887627E-01  0.21179194035880666536E+01
     64      1  0.54223748364922140790E+00  0.23680256026066824731E-01  0.49585094417523976353E-01 -0.27221333008918135756E-01  0.91966466082736753667E+01 -0.66592960279981257970E-03  0.20482383324897603688E+01  0.25550404464161120173E+00  0.35746229524930615585E-02 -0.18119469747247427560E+02
     65      1 -0.22110993745497703717E+00  0.11257402786687393017E-04 -0.10579976246551938921E-01 -0.89660458450278252278E-02  0.77416130686327566815E+01 -0.62430672637293029914E-03 -0.66181665643948225405E-02  0.25374769543898449713E+00 -0.98512583130355349873E-02 -0.19274774645104281566E+01
     66      3 -0.78495357041788340713E+00 -0.56381039937735537918E-01 -0.11362079011904852759E+00 -0.78933108346751662772E-01 -0.50924142186547561753E+01  0.51420098100587886863E-02  0.45271844201330310038E-02 -0.52608841117592437960E+00  0.20668428799341120434E-01 -0.92711169163904302712E+00
     67      4  0.30610248342529356632E+00  0.41449838447794685584E-01  0.63036751843714126699E-01  0.16748293795528159953E-01 -0.57234142554031152100E+01  0.12015405374680620732E-01 -0.54369484292585304754E-01 -0.12583839702868493321E+01  0.38686078196683487373E-01 -0.19536254213277330810E+01
     68      3  0.49663708795362175442E+00  0.32009412069596215173E-01  0.77078234147050318869E-01 -0.25508732619288050167E-02  0.21536317657275967307E+01  0.49316690025019246349E-02  0.88069231623902878936E-01 -0.45922603214999107525E+00  0.19753864209783166185E-01 -0.70261871624451375179E+01
     69      1 -0.93558847676404623443E+00 -0.12312283261438425920E-01 -0.62403313292825803579E-01 -0.11813635565255439097E+00 -0.12292130029059156003E+02 -0.29502862913836295312E-04 -0.13924217258819929517E+00 -0.32878386179951685759E+00 -0.18200398258852315596E-02 -0.40390997708524685943E+01
     70      3 -0.12232665268236560829E+01  0.89433055613444329604E-01  0.25493850598746806702E-01  0.20510904067428666678E+00 -0.30826686336534493494E+01  0.31586656754633024366E-02 -0.19740076708781869036E+00 -0.26230638481186877917E+00 -0.58670844028289000554E-01 -0.21453354001234662667E+01
     71      1 -0.52331508471763984823E+00 -0.53012341369051533811E-01 -0.42046301509735595702E-01 -0.22416374480011237258E-01 -0.22615968803091146427E+01 -0.20318431941961337886E-02  0.13369466264035190775E+01 -0.29617901902412933083E+00  0.14014122308901699616E-02  0.16477760583019084715E+01
     72      1 -0.69482718211074920474E+00 -0.60407575732232698397E-02  0.38160411736614949978E+00 -0.59545085893075125650E-01 -0.17526889944944944463E+01  0.65203899786686298229E-01 -0.26521560554931089849E-01  0.61380448632197027602E+00  0.70297738523467534420E-03 -0.70438097774907225440E+01
     73      3 -0.29220836281128950286E+00  0.53098894897801462250E-02 -0.14578926017824891752E-01 -0.66174983649800690302E-02 -0.35946529288796471480E+01  0.23809991349865221256E-03 -0.18455147826066156750E+00 -0.23620312172126119946E+00  0.13568894935632645947E-01 -0.60678986601778137837E+01
     74      3 -0.55020565536533129670E+00 -0.77333793720752310371E-01 -0.84297877684517840876E-01 -0.20305886174618711631E-01 -0.16920005462103032409E+01 -0.36092673951571088804E-02 -0.41472223682967186977E-01 -0.47548654834336844926E+00  0.18349335979396055927E-01  0.14918148506090966589E+01
     75      3 -0.53250124237830437829E+00 -0.20250940598465892024E-01 -0.10347249612291715681E+00 -0.44237953386303357392E-02 -0.32688954263937811775E+01  0.15180152149083532185E-02 -0.30910898751690658908E+00  0.39986742102230532760E+00  0.13602607137571781522E-01 -0.31709413660920371522E+01
     76      3  0.23056267667612333174E+00  0.14075658163113243485E-01  0.67519451967416752706E-02  0.66213991913090515094E-02 -0.18942214388633263413E+01  0.15504709078077098401E-02 -0.52291590904073636578E-01 -0.42272092098088518856E+00  0.83864414060041236707E-03  0.16527565911021026470E+01
     77      3 -0.24390337628337625282E+00  0.24364766762708481722E-02 -0.11140143290965967387E-01  0.27029618945624862557E-02  0.52507515920093107082E+01 -0.72021425659187762795E-03  0.21460376351608036299E-02  0.40269137045807565261E+00  0.21990808340112361639E-01 -0.11740325356574563730E+01
     78      3 -0.27502160554151644235E+00 -0.51632729804873949119E-03 -0.29570507751721075163E-01 -0.34497105911651423535E-02  0.10763486802916847741E+01  0.13174837983001868403E-01  0.76667371657086747535E-01 -0.52514851720956260604E+00  0.27338217306972204015E-01 -0.25822876659174727507E+02
     79      1  0.26660948024126078954E+00  0.20866854477043566004E-02  0.42287421344965834271E-01 -0.49484358499043930956E-01  0.28688742440010484582E+01  0.21463029791564033355E-02 -0.19982542286350865828E+01  0.36262719953743331841E+00  0.55646128269045715083E-01 -0.22637074456068338243E+01
     80      3 -0.13232554199158774330E+01  0.43302416766851918906E-01  0.67723815754954539856E-01  0.22674664897235578871E+00 -0.61772853747962940024E+01  0.29776604724078243780E-02 -0.41786480126159967368E+00  0.34175450388990381311E+00  0.12121701515837288986E+00 -0.34827976086879215267E+01
     81      1  0.23524136614516971412E+00  0.42470109052587724732E-02  0.11823400090260767550E-01  0.11665595519173815717E-01  0.86890743092303019795E+00 -0.29324627431471432363E-02  0.38123660276969831415E-01  0.26154118313725037775E+00 -0.20387178294512108192E-01  0.14788495344637081749E+01
     82      1  0.45246857349481028939E+00  0.23077164304946063241E-01  0.24605948183654034103E-01 -0.31572485354650168171E-02  0.98856718854486284062E+00  0.25868134713642727305E-03  0.11329086665706126037E-01  0.27361139783155005869E+00  0.84856803953842127722E-02  0.10032912042842491890E+01
     83      3  0.22853188709007225994E+00  0.15755850700727066577E-01  0.14746701766698759350E-01 -0.12865818836555189061E-01 -0.19210102617616043389E+01  0.37836707112368724619E-02 -0.10273606937992367504E+00 -0.39889218694807792125E+00 -0.29310685139542907258E-01 -0.48173715453114916273E+01
     84      3  0.24162093275587222177E+00 -0.18437294787348159048E-01 -0.21415142670040105052E-03 -0.20909948074859416284E-01  0.16838999420469979030E+01  0.73231826576655306525E-03  0.38351623021127531178E-01  0.24335511037003518250E+00 -0.14433825180121877921E-01 -0.15924197243586884502E+02
     85      1 -0.26411758862806246118E+00 -0.26256891144966518209E-01  0.15864259741721010527E+00 -0.29012877033836676960E-01 -0.14278808786588596314E+01  0.12900982774448280409E+00 -0.60422513544582963458E-01 -0.14923511646344974689E+01  0.60662464553759822191E-01 -0.48861938446908524760E+01
     86      1 -0.23434434902534249683E+00 -0.45542017635202107836E-02 -0.28270404692970769678E-01 -0.98535893829331009434E-02 -0.22569337486089535139E+01  0.28776611552267441495E-02 -0.39254979890823568711E-01 -0.34234678595221310708E+00  0.37929269292058634851E-02 -0.32010171102868973220E+01
     87      1 -0.23653498145613783432E+00  0.76327718623299563951E-02 -0.41816908249887296909E-01  0.10665493052458747077E-01 -0.36442534904178117475E+01  0.36082940318106969040E-02  0.11343957554867026573E-01 -0.41008988776992830050E+00 -0.25988380137911980242E-01  0.93111441192718885705E+00
     88      3 -0.16303742760431918168E+01 -0.50037980564763422639E-01  0.64977762950223685114E+00 -0.13482668182854558862E-01 -0.22321569506234349330E+01  0.21823423322945540161E-01  0.50577818600891838723E-02  0.93603996892631554792E+00  0.46239167949796686302E-01  0.30654362484934127178E+00
     89      3  0.26466138457976960476E+00  0.11105275018711526158E-01 -0.12693698481810276704E-01 -0.80107442423592459149E-02  0.18286818614341400298E+01  0.68162847416315570234E-01  0.17578013600181674791E+00 -0.99180977904135164252E+00 -0.57770297930060431640E-02  0.21677610086475194349E+01
     90      1  0.45587530071759001422E+00 -0.18101335968700653139E-02  0.47869204700958260611E-02 -0.77808543383392433629E-02 -0.11740832479399447166E+01  0.31526735388760182134E-02 -0.36912623145557640188E-01 -0.24647153124349932085E+00 -0.69360628208869478889E-02  0.27526548382308817862E+01
     91      3  0.30687710077046408103E+00  0.52006541735845973502E-01  0.37079450207889599186E-01  0.92108933935441147404E-02 -0.23386233582874410954E+01 -0.12572233467638416259E+00 -0.22147144741316763492E+00 -0.14220113746020887032E+01 -0.27365111755282697052E+00  0.65389839615794199362E+01
     92      1 -0.45895265334172182946E+00 -0.12633137887452150931E-01 -0.59410808915952335469E-01  0.79671539239317392197E-01 -0.18605497240304471434E+01 -0.64503868072028527923E-01  0.18630721522356031678E-01  0.13977836757905810033E+01 -0.28619584825160434359E+00  0.94146294343430871385E+00
     93      1 -0.41529202107704661772E+00 -0.16752603278413467944E+00  0.49419257861428117831E+00 -0.21312950783959004176E+00 -0.18923485620288335532E+01  0.98717445869423901789E-01 -0.13338144418996984898E-01  0.14087603608170063491E+01 -0.16635081834392089093E+00 -0.23797407660836307342E+02
     94      1 -0.62155282266244513991E+00 -0.31954875419217794084E-01 -0.35655585084400262860E-01 -0.80762407702144045841E-02 -0.46013470817803029380E+01  0.65030624497604865012E-03  0.35471909637379705738E+01 -0.29730651421976230989E+00  0.19666672769754923002E-01  0.28835676189998001985E+01
     95      1 -0.42414700267222557630E+00 -0.12094414197383232622E+00 -0.30836958645065587278E+00  0.12037322468837189224E+00 -0.25763367712476558642E+01  0.17481697852305032734E+01  0.81066605428969808198E-01 -0.11270822065860566745E+01 -0.13311673813669870894E+00  0.18155609988537254983E+01
     96      3 -0.31683968578759936932E+00 -0.12973629894414725056E-01 -0.48664837879948541649E-01 -0.97376418583648085679E-02 -0.48237466116647616465E+02 -0.70543492894793907110E-04  0.18068889851302656710E-02 -0.53885862247587559425E+00  0.18093968534131056053E-01 -0.13319497504967802604E+01
     97      1 -0.73205215260847342532E+00  0.13054107893311773110E-01 -0.51919646645814665715E-02 -0.50952723674424029213E-01 -0.45199323503018291174E+01 -0.53328306489665705229E-03 -0.14328829668129231868E+00  0.24901314439839621440E+00  0.54814417902057310136E-02 -0.30309693246175298449E+01
     98      3  0.77497434428330609955E+00  0.15444848373580029313E+00  0.34563757008867935042E-01  0.76886686609712175134E-01  0.11780193123182029637E+01  0.37819715736661124812E-02 -0.21046960121771391559E-01  0.26803219749878513540E+00 -0.88617810122864268975E-01 -0.12435689598386877624E+01
     99      1 -0.44290350105086671672E+00  0.18228523742765691217E-01  0.50319882017733147190E-02 -0.22612669770520913714E-01 -0.11919509429784159979E+02 -0.78530999106296549432E-04  0.11995312348214940057E-01 -0.21983705117276678891E+00  0.80730803207452277016E-02 -0.22071610416112820354E+01
    100      3  0.38798426874659891408E+00  0.15289465349026781371E-01  0.53774455231047017052E-01  0.29994991464900087286E-02 -0.22025118275896219094E+01 -0.25184056774354279346E-02  0.61214205142483578398E-01 -0.46194545231698282074E+00 -0.19929788906359567827E-01 -0.18088383734796413040E+02
