 BASIS_TYPE RG_2D
 PARTICLES      4
 MASSES  0.1000000000000000E+31  0.1000000000000000E+01  0.1000000000000000E+01  0.1000000000000000E+01
 CHARGES  0.3000000000000000E+01 -0.1000000000000000E+01 -0.1000000000000000E+01 -0.1000000000000000E+01
 SYMMETRY (1+P23)(1-P24)
 BASIS_SIZE    100
 CURRENT_ENERGY  -7.3354150942620358
 WHICH_EIGENVALUE      1
 EIGVAL_TOLERANCE  0.1000000000000000E-11
 INVITPARAMETER  0.1000001000000000E+01
 LAST_EIGVAL_TOL  0.5886151326247540E-13
 BEST_EIGVAL_TOL  0.1000000000000000E+01
 WORST_EIGVAL_TOL  0.9999526721290875E-12
 GENERATOR_PARAM  0.7000000000000000E+00  0.1000000000000000E+01  0.3000000000000000E+01
 ==============================
    100 -0.7334818842216896E+01     10      0      0
 ==============================
 SAVE_HSWF I 100 none none none wavefunction.txt
 ==============================
      1 -0.2526532734173415E+01      0      0      0
      2 -0.6206682762531238E+01      0      0      0
      3 -0.7101297211014771E+01     10      0    133
      4 -0.7171207941515861E+01      0      0      0
      5 -0.7246982870645569E+01     10      0    280
      6 -0.7261616945390533E+01      0      0      0
      7 -0.7276190475245357E+01      0      0      0
      8 -0.7286274943848987E+01      0      0      0
      9 -0.7293925983077361E+01      0      0      0
     10 -0.7315091479832048E+01     10      0    663
     11 -0.7316118039158990E+01      0      0      0
     12 -0.7317048610634425E+01      0      0      0
     13 -0.7317865541634164E+01      0      0      0
     14 -0.7321844383671462E+01      0      0      0
     15 -0.7326602295659393E+01     10      0   1091
     16 -0.7326976130640158E+01      0      0      0
     17 -0.7327243296243658E+01      0      0      0
     18 -0.7327432848553229E+01      0      0      0
     19 -0.7328096096410496E+01      0      0      0
     20 -0.7329406131389993E+01     10      0   1537
     21 -0.7329621104883233E+01      0      0      0
     22 -0.7329855663951514E+01      0      0      0
     23 -0.7330056636247382E+01      0      0      0
     24 -0.7330222698390864E+01      0      0      0
     25 -0.7330526548199733E+01      0      0      0
     26 -0.7330642078510678E+01      0      0      0
     27 -0.7330735174198967E+01      0      0      0
     28 -0.7330896389926402E+01      0      0      0
     29 -0.7330996460105560E+01      0      0      0
     30 -0.7332334080647227E+01     10      0      0
     31 -0.7332393295005367E+01      0      0      0
     32 -0.7332430492697931E+01      0      0      0
     33 -0.7332568368156683E+01      0      0      0
     34 -0.7332646892939510E+01      0      0      0
     35 -0.7332711730862635E+01      0      0      0
     36 -0.7332755680852834E+01      0      0      0
     37 -0.7332801324963611E+01      0      0      0
     38 -0.7332845381984001E+01      0      0      0
     39 -0.7332883833757136E+01      0      0      0
     40 -0.7333531323688139E+01     10      0      0
     41 -0.7333570701199132E+01      0      0      0
     42 -0.7333589821620435E+01      0      0      0
     43 -0.7333609812881017E+01      0      0      0
     44 -0.7333628232621251E+01      0      0      0
     45 -0.7333644863110706E+01      0      0      0
     46 -0.7333668326943828E+01      0      0      0
     47 -0.7333690132639590E+01      0      0      0
     48 -0.7333707354720755E+01      0      0      0
     49 -0.7333721729237650E+01      0      0      0
     50 -0.7334089357305567E+01     10      0      0
     51 -0.7334101849674078E+01      0      0      0
     52 -0.7334115631010453E+01      0      0      0
     53 -0.7334133748940759E+01      0      0      0
     54 -0.7334145728470385E+01      0      0      0
     55 -0.7334152213736195E+01      0      0      0
     56 -0.7334158603951503E+01      0      0      0
     57 -0.7334166521961210E+01      0      0      0
     58 -0.7334176880032425E+01      0      0      0
     59 -0.7334184568697935E+01      0      0      0
     60 -0.7334417002265458E+01     10      0      0
     61 -0.7334425058214649E+01      0      0      0
     62 -0.7334430590935266E+01      0      0      0
     63 -0.7334443184873725E+01      0      0      0
     64 -0.7334447708199446E+01      0      0      0
     65 -0.7334455388352475E+01      0      0      0
     66 -0.7334460898209798E+01      0      0      0
     67 -0.7334465032694454E+01      0      0      0
     68 -0.7334468537832804E+01      0      0      0
     69 -0.7334472577442202E+01      0      0      0
     70 -0.7334593998325577E+01     10      0      0
     71 -0.7334597032068391E+01      0      0      0
     72 -0.7334600751667080E+01      0      0      0
     73 -0.7334603370378384E+01      0      0      0
     74 -0.7334605961706825E+01      0      0      0
     75 -0.7334611454335031E+01      0      0      0
     76 -0.7334614897685367E+01      0      0      0
     77 -0.7334617465195065E+01      0      0      0
     78 -0.7334619887340998E+01      0      0      0
     79 -0.7334622097890501E+01      0      0      0
     80 -0.7334691047991486E+01     10      0      0
     81 -0.7334694796234445E+01      0      0      0
     82 -0.7334696456323521E+01      0      0      0
     83 -0.7334698207772116E+01      0      0      0
     84 -0.7334701802059773E+01      0      0      0
     85 -0.7334703420373553E+01      0      0      0
     86 -0.7334705216269275E+01      0      0      0
     87 -0.7334707251041056E+01      0      0      0
     88 -0.7334709793173384E+01      0      0      0
     89 -0.7334711351191257E+01      0      0      0
     90 -0.7334765770183906E+01     10      0      0
     91 -0.7334767169827657E+01      0      0      0
     92 -0.7334768757136026E+01      0      0      0
     93 -0.7334770458118588E+01      0      0      0
     94 -0.7334774867608293E+01      0      0      0
     95 -0.7334777405936611E+01      0      0      0
     96 -0.7334778448793587E+01      0      0      0
     97 -0.7334779443693328E+01      0      0      0
     98 -0.7334780212804205E+01      0      0      0
     99 -0.7334782737395388E+01      0      0      0
    100 -0.7334818842216896E+01     10      0      0
 ==============================
      1      1      1  0.1044067715630186E+00 -0.7351487552710706E-04  0.3338719351549915E-04 -0.1826640236839919E+01 -0.1832634231064224E-01  0.9986638390948051E+00
      2      1      1  0.1043177539779038E+00  0.1857732968846500E-03 -0.3130246464022106E-05 -0.9349112239919968E+00 -0.3911663541112682E-01  0.2657104645383688E+01
      3      1      1  0.9299521803206208E-01  0.1379895782115989E-02  0.9426497427445363E-04 -0.4462290115285242E+01 -0.1638508978146298E-02  0.8324168093527307E+00
      4      1      1 -0.1041515777030400E+00 -0.2284159144933694E-03 -0.5135884305624856E-03 -0.9367060540595123E+00  0.3707094970961128E-02  0.6869975335370754E+01
      5      1      1  0.1143071985268885E+00  0.9996096926613281E-03  0.1148693340821212E-02 -0.1223525241581903E+01 -0.4767860924648390E-02  0.1439147561748312E+01
      6      1      1 -0.1083840856250267E+00 -0.1386995772925207E-02 -0.2596779420663055E-03 -0.6370550426040956E+01 -0.1708824192063649E-01  0.1471143885197749E+01
      7      1      1  0.1010456348918287E+00  0.6648275938502651E-03  0.2763874663979060E-03 -0.6664044409647186E+00 -0.6156751232276141E-02  0.1474538453123669E+01
      8      1      1  0.1133211533421645E+00  0.5292605736188263E-03  0.8512080716674445E-03 -0.2766830242619338E+01  0.4678358555249199E-01  0.1512506010268252E+01
      9      1      1 -0.1000399777816478E+00 -0.4835440915210787E-03 -0.1160225684569201E-03 -0.1483128632600267E+01 -0.8978728697446341E-01  0.4073358168126928E+01
     10      1      1 -0.1011145391173586E+00 -0.2071362146299180E-03 -0.2203803962903210E-03 -0.9905441059883127E+00 -0.2633119377656400E-01  0.8824474433197855E+00
     11      1      1  0.9553247122038779E-01 -0.1781336602120501E-02  0.4505424738365092E-03 -0.9747589824550195E+01  0.6397093782655419E-03  0.7458633935740051E+00
     12      1      1 -0.9581476916464940E-01  0.1029276313673384E-03  0.5262097644820024E-03 -0.3802251095578236E+01 -0.8258648490898073E-01  0.2694617348015337E+01
     13      1      1  0.8543758301448914E-01  0.1521532818450169E-03  0.3057782442926046E-03 -0.1335233303998027E+01  0.1192879101931752E-01  0.1119340345277680E+02
     14      1      1 -0.1023614073811980E+00 -0.4826708496797072E-03 -0.2417470709090233E-03  0.1355777308623627E+01 -0.6283066160934974E+00  0.1208930055982627E+01
     15      1      1 -0.1025261341955710E+00  0.3404242932798020E-03  0.4595412592520836E-03 -0.1789417538154550E+01 -0.1022417326828906E+00  0.2026021183498214E+01
     16      1      1  0.9787178196081406E-01  0.4955105439795523E-03  0.8135779097682080E-04 -0.7294848302442513E+00 -0.2556682481530245E-01  0.1874369263439273E+02
     17      1      1  0.9032715010112397E-01 -0.7790322009650656E-03  0.1848391695292439E-03 -0.2484311521266148E+01 -0.2300627710674310E+00  0.5849440724451139E+01
     18      1      1  0.1646300436452122E+00  0.1539478829487212E-02  0.1615480856472828E-02 -0.1250717667576677E+01 -0.5324827460373894E-01  0.2093394943550345E+01
     19      1      1  0.8775681085150543E-01 -0.1458379282903742E-03 -0.3778554081714639E-03  0.2414987570725273E+01 -0.1786444661739965E+01  0.1878814902445594E+01
     20      1      1  0.1370653355825009E+00 -0.2492990373193295E-02  0.2363813255833010E-03 -0.3772895697363408E+01 -0.7761581666588438E-02  0.1058634609152489E+01
     21      1      1  0.1183144983792963E+00  0.1448766275499609E-02  0.3345604382639437E-03 -0.5883464159117520E+00  0.1967945402328780E-01  0.4354383489245223E+01
     22      1      1 -0.8857996225061215E-01 -0.1944520008477084E-04 -0.9025675454764976E-03 -0.1156288874297170E+02 -0.1841528522391020E-01  0.2260624360272136E+01
     23      1      1  0.1695070235350638E+00  0.1140377922346934E-02  0.8518806561630217E-03 -0.1585788534751434E+01 -0.3862225967770493E-01  0.1061705165891009E+01
     24      1      1 -0.1763492003007263E+00 -0.2250624519613221E-03 -0.2822485925783865E-02  0.6923240689388825E+01 -0.4807147991670165E-02  0.9899829612397598E+00
     25      1      1 -0.1465508473441138E+00 -0.7155794618482243E-03  0.1637367380151424E-03 -0.2212154934600723E+01 -0.9694906570130651E-01  0.3098745314694614E+01
     26      1      1  0.1437452969258358E+00  0.1119682930876955E-02 -0.1006207712132769E-02 -0.1677068515647283E+01 -0.6422578561097519E-01  0.7506017895051913E+01
     27      1      1  0.9626272930650466E-01 -0.4525552779830912E-03  0.5600818582755843E-03 -0.2474651871158392E+01  0.5034868421338566E-02 -0.6164746022414093E+00
     28      1      1  0.1615249497912325E+00  0.1794258608972358E-02  0.1183179189243042E-02  0.8779621887421005E+00  0.4629409711789726E-01  0.1197569468783107E+01
     29      1      1  0.1665667677040620E+00  0.7448090668331301E-03  0.2239448969695030E-02 -0.4449290292538874E+01 -0.7695994813975185E-01  0.1981070002428297E+01
     30      1      1  0.8375334823375558E-01  0.9978449119019143E-03  0.1382319542954736E-03 -0.2058752856294097E+02 -0.3667253385464639E-02  0.1209558533083807E+01
     31      1      1  0.1303332630189402E+00  0.8269242393995240E-03 -0.2303449673139854E-03 -0.1295691819424130E+02 -0.2488952480871062E-03  0.1225659498858263E+01
     32      1      1  0.1077601895467477E+00 -0.2957031060661239E-03  0.8620361186742317E-04  0.6411910070430320E+01  0.1660259326439863E+00 -0.4432751464042247E+01
     33      1      1  0.9970750490357522E-01  0.4777043031775688E-03  0.8548136903620926E-03  0.4504001129250510E+01 -0.2818918745384795E+01  0.3116834474483408E+01
     34      1      1  0.1728432379433866E+00  0.4634418675552840E-02  0.2330262073710583E-02 -0.1594361334155631E+01  0.9301124418808213E+00 -0.1433613058430499E+01
     35      1      1  0.9141145547004198E-01  0.3927300395522375E-03 -0.1009073835047670E-02 -0.1942423003911753E+01 -0.3581294902506445E-01  0.2734177876370742E+02
     36      1      1  0.1582168585393902E+00  0.3401206487806596E-02 -0.6340606420078608E-03  0.6513845744263519E+00 -0.1198142764447115E-02  0.2115884414074663E+01
     37      1      1 -0.1717671994326106E+00 -0.1023331367919334E-02 -0.1193581087287184E-02 -0.2223926208923766E+01 -0.2821770453298643E-01  0.1550234965021656E+01
     38      1      1  0.1153440105113093E+00  0.7256075627327514E-03  0.6805831963462555E-03 -0.3072727159922834E+01 -0.2586385610017697E+00  0.1193735155053209E+02
     39      1      1  0.1635418443586640E+00  0.1873370517290636E-02  0.3917037583299049E-02 -0.2754909822573699E+01 -0.1672140374700232E-02 -0.7610486092186509E+00
     40      1      1  0.1629251566438176E+00  0.1020401358737209E-02  0.7461375655873151E-03 -0.1073761665827360E+01 -0.3073879869246225E-01  0.4134552608702567E+01
     41      1      1  0.2826234820610319E+00  0.4066997871149423E-02  0.2798135619177917E-01 -0.1961226400551384E+01 -0.1272509435354269E-01 -0.8174099744803180E+00
     42      1      1  0.1055226280148475E+00 -0.3305128085061379E-03 -0.4009460660112330E-04 -0.3599935834628749E+02  0.7205877060097905E-03  0.8339939652875286E+00
     43      1      1 -0.1750643478393303E+00 -0.8421206239064048E-03 -0.1912458415271438E-02 -0.3408481884487668E+01 -0.3479944514914403E+00  0.4978943410678467E+01
     44      1      1  0.1462064787190389E+00  0.8990349829128547E-04  0.6215055497447736E-03 -0.1382658273895446E+01 -0.3927680974747708E-01  0.1657190292176933E+02
     45      1      1  0.2517464053032198E+00  0.4441315740031458E-02  0.3446756648528016E-02 -0.3505650454592142E+01 -0.3219587938761732E-01 -0.1305910575282375E+01
     46      1      1  0.1471467391814635E+00  0.6820610184991194E-03  0.3167950339642091E-02 -0.1398306243180335E+01 -0.6167602409374038E-02  0.6346641896841227E+00
     47      1      1  0.2774776847494899E+00  0.1322828000934048E-01  0.8264530451653294E-02 -0.1180682731590498E+01 -0.6944684578110408E-01 -0.1530950575581498E+01
     48      1      1  0.1645259346217245E+00  0.3062771869740143E-02  0.2277134310757585E-03  0.7669104795870351E+00  0.2953943670921069E-01  0.1012298383618878E+02
     49      1      1  0.2663099444413494E+00  0.3377288126807556E-02  0.2458344683856431E-02  0.1968901096330097E+01  0.1363869346704364E+00  0.2783668234178188E+01
     50      1      1  0.1625576865651909E+00  0.3365469018329179E-03 -0.1628905306849548E-02  0.2853786576200740E+01 -0.2068010777427335E+01  0.2455727090654535E+01
     51      1      1  0.1381279801515429E+00  0.2926571752082796E-02  0.1036296836489528E-02  0.5766828583861894E+00  0.3096103105723717E-01  0.7630978037463187E+00
     52      1      1 -0.1590361188773403E+00  0.6995863423604629E-03  0.9458148677320927E-03 -0.2588835271218907E+02  0.1044590144851260E-02  0.1856429081689661E+01
     53      1      1 -0.8676176494930277E-01  0.6987116673982217E-05  0.1761572963206884E-03 -0.8158150316271142E+01  0.7995868770786728E+01 -0.2144687547228487E+01
     54      1      1  0.2460259282487984E+00  0.2764810424922192E-02  0.3495344854254651E-02 -0.1480041640524946E+01 -0.1164207132916141E-01  0.6656782048243207E+01
     55      1      1  0.7994488341256906E-01 -0.2839648810207465E-03 -0.6413910304141467E-03  0.1155892165725164E+01  0.5789427773456109E-01 -0.1574186223929430E+01
     56      1      1  0.9636599790839864E-01  0.4551474780675346E-03  0.2778108017092347E-03  0.5645401292493152E+02  0.4688563241688589E-02  0.2183172256974034E+01
     57      1      1  0.1441570493823139E+00  0.1014791982613539E-02  0.7360583786160990E-03 -0.1006682675686808E+01 -0.3353126140323621E-01  0.3715281458681660E+02
     58      1      1  0.1685256815817367E+00  0.1460172929037022E-02  0.6124379622604032E-02 -0.1859948437655294E+02 -0.2364968207186377E-02  0.6640969092590584E+00
     59      1      1  0.2519252451542127E+00  0.1756624378753205E-01  0.2371183416564642E-02 -0.8167941996647474E+00  0.7574009091709939E-02  0.3001005396594940E+01
     60      1      1 -0.1693839141918666E+00  0.3304453884755363E-03  0.8018657548763099E-03 -0.9586110765209005E+01 -0.6540126562798293E-01  0.2513416858432501E+01
     61      1      1  0.1305993766343412E+00  0.1250868704103738E-02  0.9268634440473230E-03  0.2075409041541649E+02 -0.2056220437476381E+02  0.2502590424482950E+01
     62      1      1 -0.2795433417590074E+00 -0.3684130965835061E-02 -0.1588276269878458E-01  0.1203036902495494E+02 -0.8993165964743150E-03  0.1263571266471165E+01
     63      1      1  0.1343264248090290E+00  0.2383688306747562E-02  0.1930573698962344E-03  0.4705771046852910E+01 -0.4361997153780298E+01  0.1459595096867225E+01
     64      3      3  0.8504118224742608E+00  0.8957428300790865E-01  0.5704770367968820E-01 -0.1107630740503675E+01 -0.4265588823138456E-01 -0.4845515199783960E+00
     65      1      1  0.2302113299735155E+00  0.9187182164525610E-02  0.1477887941265864E-01  0.9639771932570436E+00  0.3669652660647797E-01 -0.7371439397757049E+00
     66      1      1 -0.1957379544756464E+00 -0.3668622301364020E-02 -0.3682538893895548E-02  0.6749936021575039E+01 -0.5978441712815401E+01  0.3150962498406736E+01
     67      1      1  0.1213768025393031E+00  0.3307223962975198E-03  0.1556590288727177E-02  0.2518065717890663E+01 -0.6319541441786362E+00  0.1653838647346129E+01
     68      1      1  0.1537931955958554E+00  0.2062734398080725E-03  0.4251603803632487E-02 -0.5423080397679067E+01 -0.5759780264036851E-02 -0.5563348715909162E+00
     69      1      1 -0.9272315269528944E-01  0.1871994893679212E-03 -0.4716299468280176E-03 -0.1110582743334620E+01 -0.3659723234076653E-02 -0.5137791778075070E+00
     70      1      1 -0.7755996248874569E-01 -0.6994691473877499E-05 -0.1084117950725364E-03 -0.2844170773938981E+01 -0.5483748099757083E-01 -0.1263136254296943E+01
     71      1      1  0.2574203206725600E+00  0.1518608605800535E-01 -0.1414628845460667E-02 -0.9515060459610122E+00  0.2762342182156069E-01  0.2356014943675329E+02
     72      1      1 -0.1135839606771279E+00 -0.1957889257636861E-03 -0.2291014572292777E-02  0.2025617976151596E+02  0.1191835152978040E+00 -0.4398850736374471E+01
     73      1      1  0.2418038344936219E+00  0.6801844446960786E-03  0.2305564665002168E-02  0.2741433372125935E+01  0.1575549717395741E+00  0.1536909196759033E+02
     74      1      1 -0.7363408673072588E-01 -0.9670895252164422E-04  0.1505850567188886E-02 -0.9781576750395474E+00  0.4068886725181887E-01 -0.4391791606276985E+01
     75      1      1  0.1058685308860750E+00 -0.1490736491928490E-02 -0.2615600605848521E-03 -0.1810194605998815E+01 -0.8164663426248119E-01  0.1362075731473299E+03
     76      1      1  0.2736720904449562E+00  0.3740131376082707E-01  0.1179928639459732E-01  0.5673602239872529E+00 -0.1499236136918150E-01  0.1355212892469665E+01
     77      1      1  0.1376328868088563E+00 -0.8799221487500353E-03  0.1128170888111605E-02 -0.8677257736124419E+02 -0.2574248526010959E-04  0.9832881416726316E+00
     78      1      1  0.5306784474920306E+00  0.1413852921761078E+00  0.6025962249755419E-01  0.8309425573316385E+00  0.4271895274744764E-01  0.2317163015226958E+01
     79      1      1  0.3244458480606476E+00  0.7231272094949092E-02  0.9255418595646365E-02 -0.5727330992108051E+01 -0.2585556985550623E+00  0.2902733322608381E+01
     80      1      1 -0.7442198803246887E-01 -0.5313182756280289E-03 -0.3138540311049119E-03  0.1553378148597846E+01  0.2164655122293564E-01 -0.8455039779512846E+00
     81      1      1 -0.1615565423570678E+00 -0.2556176394328442E-03 -0.1859929411678552E-02  0.3136119613023078E+01  0.1764355790842871E+00 -0.4887848109722935E+02
     82      1      1  0.4086322325386558E+00  0.7501354354383459E-01  0.2029844118100263E-01 -0.9214230095255102E+00 -0.6454278271046154E-01  0.1104322137364986E+02
     83      1      1  0.7251153664252827E-01 -0.2129908315072084E-03  0.3102783435480538E-03  0.6689684662253522E+00  0.4520406004517675E-01 -0.9621665149777293E+00
     84      1      1  0.3379215907957198E+00  0.5535658520306250E-02  0.4914411846726405E-01 -0.4936423260709855E+01  0.1093534971900422E-01 -0.7687643819746445E+00
     85      1      1 -0.8520022012461390E-01 -0.5338370887552311E-03 -0.1433906161523022E-03  0.9381411347436329E+00  0.2908288281956175E-01 -0.6104177962271905E+02
     86      1      1  0.1734685422539414E+00  0.2251498519727538E-02 -0.1935345489774199E-02 -0.7859281484776364E+01 -0.1063788369105693E+01  0.9144005930750305E+01
     87      1      1  0.6969421582857603E-01 -0.3003258588453479E-02 -0.3574848808115898E-03 -0.6369702683218335E+01 -0.1814037022333974E-01 -0.1477595055980856E+01
     88      1      1  0.4539049020245756E+00  0.4281616428016034E-01  0.7522760569877530E-01  0.2356164524266198E+01  0.1031166321089033E+00 -0.1499841133773226E+01
     89      1      1  0.7477730906616052E-01  0.5064401759713493E-03  0.1427971803223562E-02 -0.1879082104851185E+01 -0.1221192052737150E+00  0.2638818176614922E+01
     90      1      1 -0.7392028512269744E-01 -0.1574469048359869E-03 -0.9360539516893436E-03 -0.6417244878151506E+00  0.8688276704512892E-02  0.2515545390438911E+01
     91      1      1 -0.2542039418135584E+00 -0.5727982820076419E-02 -0.1448967622292995E-01  0.4401838346691544E+02  0.4852644945431713E-02 -0.1253032662393895E+01
     92      1      1  0.6883567832818335E-01  0.2172913537201710E-02  0.1659690070349896E-02  0.4980008265114249E+01  0.1241301441882003E+01  0.8854168835656530E+01
     93      1      1  0.7163623632736445E-01 -0.1447220169915203E-03  0.4385030732325100E-03 -0.5506561586077169E+00 -0.1361738113935238E+00  0.7915549590398278E+01
     94      1      1  0.2990513028052192E+00  0.1552822413491935E-01  0.2742018128377979E-01 -0.2768369489673048E+01  0.1887138398309964E+01 -0.1716691911029890E+01
     95      1      1  0.1134711231164879E+00  0.4067318031539801E-04  0.1142739158783477E-02 -0.2439859218521545E+03 -0.1985126124908209E-03  0.1199599423444885E+01
     96      1      1  0.2367861798679559E+00  0.2256258476223524E-01  0.2300234976615148E-02 -0.6360864916095893E+00 -0.3367872103776047E-01  0.5565600540024864E+01
     97      1      1  0.2015681168633372E+00  0.7159513859914885E-02  0.6216390649787201E-03 -0.1066492202501412E+01  0.4125927873357717E-01  0.9774195631112488E+02
     98      1      1 -0.4522292940251216E+00 -0.7396394621807678E-01 -0.1567643502794021E-01  0.1409125461197198E+01  0.1221536836455537E+00  0.4653203843924912E+01
     99      1      1 -0.1140947382288151E+00  0.2063914968973889E-02  0.1031249631437347E-02  0.1028563088325015E+02 -0.8952889733158823E+01  0.5304063033308839E+01
    100      1      1  0.1020852186613652E+00 -0.4849981526632273E-02 -0.1777374163708854E-02  0.7808451881044420E+01  0.8254794559315044E+00  0.2150958092201450E+02
