 BASIS_TYPE RG_0S
 PARTICLES      3
 MASSES  0.1000000000000000E+31  0.1000000000000000E+01  0.1000000000000000E+01
 CHARGES  0.2000000000000000E+01 -0.1000000000000000E+01 -0.1000000000000000E+01
 SYMMETRY (1+P23)
 BASIS_SIZE     10
 CURRENT_ENERGY -2.9012919829575297 
 WHICH_EIGENVALUE      1
 EIGVAL_TOLERANCE  0.1000000000000000E-11
 INVITPARAMETER  0.1000001000000000E+01
 LAST_EIGVAL_TOL  0.1313503771364160E-14
 BEST_EIGVAL_TOL  0.1000000000000000E+01
 WORST_EIGVAL_TOL  0.9987588799055577E-12
 GENERATOR_PARAM  0.7000000000000000E+00  0.1000000000000000E+01  0.3000000000000000E+01
 ==============================
     10 -0.2900872393343730E+01     10      0    259
 ==============================
 SAVE_HSWF I 10  none none none wavefunction.txt
 ==============================
      1 -0.1840934723094844E+01      0      0      0
      2 -0.2679916290455981E+01      0      0      0
      3 -0.2807400463562086E+01      0      0      0
      4 -0.2849450963276551E+01      0      0      0
      5 -0.2889258918771523E+01     10      0    120
      6 -0.2891313070451766E+01      0      0      0
      7 -0.2891980619542868E+01      0      0      0
      8 -0.2892657358819629E+01      0      0      0
      9 -0.2893259304609345E+01      0      0      0
     10 -0.2900872393343730E+01     10      0    259
 ==============================
      1  0.4825734967754652E+00  0.5587187313995447E-01 -0.7480530027881288E+00
      2  0.5063646461550418E+00 -0.1265668489952259E-01 -0.2234725751070888E+01
      3  0.7842225957415081E+00  0.2387430081955814E-01 -0.3782842563781009E+01
      4  0.1253832769575075E+01  0.6430280523006225E-01 -0.7535729927777093E+00
      5  0.2212601947479969E+01  0.1166560628737074E+00 -0.1288707318601841E+01
      6  0.7999255448566295E+00 -0.5720370068189311E-01 -0.1489078190571613E+02
      7 -0.4714499866118105E+00 -0.6465249170057728E-02  0.6426154600916157E+01
      8  0.3789150406892501E+00 -0.5206269797256858E-01 -0.1251715952012646E+01
      9 -0.1687353395731628E+01 -0.4252706514870794E+00  0.6175221611327983E+01
     10  0.1698293438583957E+01 -0.1592728200644774E+01 -0.1239120234352657E+01
