 BASIS_TYPE RG_2P
 PARTICLES      5
 MASSES  0.1642420551744000E+05  0.1000000000000000E+01  0.1000000000000000E+01  0.1000000000000000E+01  0.1000000000000000E+01
 CHARGES  0.4000000000000000E+01 -0.1000000000000000E+01 -0.1000000000000000E+01 -0.1000000000000000E+01 -0.1000000000000000E+01
 SYMMETRY (1+P23)(1-P24)(1-P25-P45)
 BASIS_SIZE    100
 CURRENT_ENERGY -0.1439293058919524E+02
 WHICH_EIGENVALUE      1
 EIGVAL_TOLERANCE  0.1000000000000000E-11
 INVITPARAMETER  0.1000001000000000E+01
 LAST_EIGVAL_TOL  0.9639805643271049E-14
 BEST_EIGVAL_TOL  0.1000000000000000E+01
 WORST_EIGVAL_TOL  0.9999907907780084E-12
 GENERATOR_PARAM  0.7000000000000000E+00  0.1000000000000000E+01  0.3000000000000000E+01
 ==============================
    100 -0.1439293058919524E+02     10      0      0
 ==============================
 EXPC_VALS I 100
 ==============================
      1 -0.4180504384280771E+01      0      0      0
      2 -0.1207586562167993E+02      0      0      0
      3 -0.1384612259533672E+02     10      0    228
      4 -0.1400283620300573E+02      0      0      0
      5 -0.1416222945052979E+02     10      0    386
      6 -0.1418579415732269E+02      0      0      0
      7 -0.1420495913418886E+02      0      0      0
      8 -0.1422580871640164E+02      0      0      0
      9 -0.1426138147473511E+02      0      0      0
     10 -0.1430935732751906E+02     10      0   1002
     11 -0.1431536837963474E+02      0      0      0
     12 -0.1431903994592230E+02      0      0      0
     13 -0.1432406555018230E+02      0      0      0
     14 -0.1432810415138295E+02      0      0      0
     15 -0.1434556882380641E+02     10      0   1852
     16 -0.1434790567546100E+02      0      0      0
     17 -0.1434972930486574E+02      0      0      0
     18 -0.1435157350240017E+02      0      0      0
     19 -0.1435296976313713E+02      0      0      0
     20 -0.1436238804188905E+02     10      0   2646
     21 -0.1436332908943608E+02      0      0      0
     22 -0.1436421532610239E+02      0      0      0
     23 -0.1436475098868308E+02      0      0      0
     24 -0.1436526209516956E+02      0      0      0
     25 -0.1436611363159865E+02      0      0      0
     26 -0.1436686719829891E+02      0      0      0
     27 -0.1436750299487210E+02      0      0      0
     28 -0.1436798515693137E+02      0      0      0
     29 -0.1437170499889123E+02      0      0      0
     30 -0.1437813836399015E+02     10      0      0
     31 -0.1437872513518555E+02      0      0      0
     32 -0.1437903310508875E+02      0      0      0
     33 -0.1437940034978499E+02      0      0      0
     34 -0.1437969365058951E+02      0      0      0
     35 -0.1437991549348428E+02      0      0      0
     36 -0.1438019644780270E+02      0      0      0
     37 -0.1438050618519111E+02      0      0      0
     38 -0.1438069461092006E+02      0      0      0
     39 -0.1438088540129313E+02      0      0      0
     40 -0.1438414883162456E+02     10      0      0
     41 -0.1438436149391395E+02      0      0      0
     42 -0.1438452713197281E+02      0      0      0
     43 -0.1438467872891956E+02      0      0      0
     44 -0.1438479112276792E+02      0      0      0
     45 -0.1438491007265876E+02      0      0      0
     46 -0.1438502991922497E+02      0      0      0
     47 -0.1438512247443482E+02      0      0      0
     48 -0.1438524961572044E+02      0      0      0
     49 -0.1438538005124195E+02      0      0      0
     50 -0.1438756101694695E+02     10      0      0
     51 -0.1438768668785014E+02      0      0      0
     52 -0.1438781685172123E+02      0      0      0
     53 -0.1438789520120535E+02      0      0      0
     54 -0.1438799004171987E+02      0      0      0
     55 -0.1438807511064729E+02      0      0      0
     56 -0.1438813303628173E+02      0      0      0
     57 -0.1438820737681149E+02      0      0      0
     58 -0.1438827955618048E+02      0      0      0
     59 -0.1438835134626382E+02      0      0      0
     60 -0.1438951853557141E+02     10      0      0
     61 -0.1438959062954917E+02      0      0      0
     62 -0.1438964217506504E+02      0      0      0
     63 -0.1438968170302105E+02      0      0      0
     64 -0.1438973637751707E+02      0      0      0
     65 -0.1438981365967041E+02      0      0      0
     66 -0.1438986346994988E+02      0      0      0
     67 -0.1438990119318836E+02      0      0      0
     68 -0.1439000393703604E+02      0      0      0
     69 -0.1439003836184915E+02      0      0      0
     70 -0.1439071736010424E+02     10      0      0
     71 -0.1439074770183118E+02      0      0      0
     72 -0.1439077481201158E+02      0      0      0
     73 -0.1439081556813425E+02      0      0      0
     74 -0.1439083643285951E+02      0      0      0
     75 -0.1439086101861785E+02      0      0      0
     76 -0.1439088053498830E+02      0      0      0
     77 -0.1439090363002152E+02      0      0      0
     78 -0.1439092693167520E+02      0      0      0
     79 -0.1439095245601531E+02      0      0      0
     80 -0.1439159088201050E+02     10      0      0
     81 -0.1439160698600097E+02      0      0      0
     82 -0.1439162721631381E+02      0      0      0
     83 -0.1439164706877016E+02      0      0      0
     84 -0.1439166175332400E+02      0      0      0
     85 -0.1439167383341084E+02      0      0      0
     86 -0.1439169209019993E+02      0      0      0
     87 -0.1439175047482797E+02      0      0      0
     88 -0.1439176391603104E+02      0      0      0
     89 -0.1439206326577195E+02      0      0      0
     90 -0.1439243545382176E+02     10      0      0
     91 -0.1439248691362325E+02      0      0      0
     92 -0.1439254179738027E+02      0      0      0
     93 -0.1439255609360668E+02      0      0      0
     94 -0.1439256647818061E+02      0      0      0
     95 -0.1439258656348945E+02      0      0      0
     96 -0.1439259979370716E+02      0      0      0
     97 -0.1439260817777895E+02      0      0      0
     98 -0.1439261771744945E+02      0      0      0
     99 -0.1439262860217145E+02      0      0      0
    100 -0.1439293058919524E+02     10      0      0
 ==============================
      1      3      1  0.2158938118418086E+00  0.1342505098824233E-02  0.2332692600505189E-01  0.1061558256855919E-02  0.1202184765950568E+01 -0.2882246019237387E-03  0.2744607518147044E-01 -0.3345965612711190E+00 -0.2450134238250874E-02 -0.2353108267646467E+01
      2      3      1  0.2136287505455154E+00 -0.3532221955601900E-03  0.2156730940791341E-01  0.2093645456231186E-02  0.2215864358017758E+01  0.5129407885557585E-03  0.1910476368328716E-01 -0.3414997917719396E+00  0.4535206101195393E-02 -0.1702654617604963E+01
      3      3      1  0.2183169880459743E+00 -0.8358875796364660E-04  0.2320981248446695E-01 -0.4977649680229841E-03  0.1770729616371723E+01  0.5508419753786969E-03  0.7926649506395821E-01  0.3249768023800315E+00  0.7015796398242478E-03 -0.4259606421177929E+01
      4      3      1  0.2050834001904286E+00  0.1722314252576002E-02  0.2114257908662750E-01  0.5205092944582027E-03  0.5741851027735916E+01 -0.1340069851306429E-03  0.1381959852630246E-01 -0.3377434284403469E+00  0.3626158518782659E-02 -0.1747669253367371E+01
      5      3      1  0.3285972048770431E+00 -0.1791894760617755E-02  0.1373088015119464E-01  0.3954825711313360E-02  0.1487982035656187E+01  0.3161984974724121E-03  0.2275371209901288E-01 -0.2106331831226430E+00  0.5090398471454447E-03 -0.1061601212899739E+01
      6      3      1  0.2202912488130924E+00 -0.9563563479137732E-03  0.2381371007112990E-01  0.1533847076046839E-02  0.3616935424896467E+01  0.2325988200708326E-03  0.5825589199415180E-02 -0.3372386052965446E+00 -0.4279364439345859E-02  0.1066078225724153E+01
      7      3      1  0.4876550349743643E+00  0.9182224834807786E-02  0.3764232700826158E-01  0.3188237984967079E-01 -0.2642378756698329E+01 -0.1130419344368872E-03 -0.1999224491334128E-01 -0.3446557276126774E+00  0.1454366553744822E-02 -0.1232602362786422E+01
      8      3      1  0.2220391891488123E+00  0.1501853421691541E-02  0.2408460454094091E-01 -0.1187109355207196E-02  0.3238413557014615E+01 -0.2334690280404755E-03  0.9529607617651963E-01 -0.3652417132511812E+00 -0.1624255837347689E-02 -0.2766352756805749E+01
      9      3      1 -0.3382241337831015E+00 -0.2747372160361483E-03 -0.1383274333872123E-01  0.2260497261484248E-02 -0.1151590975785192E+01 -0.2353548436726989E-03  0.2010142970432103E-01  0.2057541208123055E+00  0.1748270304429238E-02 -0.8138824121498740E+01
     10      3      1  0.3153075764518134E+00  0.5424920735431319E-02  0.3385637018570625E-01  0.3687893432134213E-03  0.1478771150744724E+01  0.8479838362697490E-03  0.4518490811175428E-01 -0.4624937974194431E+00 -0.3966676010769935E-02 -0.1585075522442430E+01
     11      3      1 -0.4889106203903014E+00 -0.5024672424502836E-02 -0.3000412234057865E-01  0.1172525305450084E-02 -0.1930730278213175E+01 -0.4575490409615508E-03 -0.7139145146935114E-01  0.3258271778385258E+00  0.7546121903575871E-02  0.2781841820025542E+01
     12      3      1  0.3256328725565923E+00 -0.1824355586255481E-02  0.2704237180975377E-01  0.4911470666214227E-02  0.4296881789311860E+01  0.4773820552812446E-03  0.3769655627649655E-01 -0.4958223022629710E+00 -0.1027464282813190E-02 -0.1832646799283245E+01
     13      3      1  0.1043053775682464E+01  0.8031761768017079E-01  0.5307075511057865E-03  0.3637809940236513E-01  0.1825965482623315E+01  0.5874705472314075E-03  0.3006095306337140E-01 -0.2376943246896666E+00 -0.7753884603334648E-03 -0.1028358623747162E+01
     14      3      1  0.2995151167683195E+00  0.3188938802152632E-02  0.3970207745820965E-01 -0.5098475945963369E-02  0.1091240623865967E+01  0.6486860365726314E-02 -0.6738207952435861E-02  0.4595127838541452E+00  0.1844315847119817E-01 -0.4456135335682193E+01
     15      3      1  0.2170528866004962E+00 -0.2780083076235097E-04  0.1997578378193762E-01  0.4068042756297576E-02  0.1173782503346623E+02 -0.1680614946755639E-03  0.8568951236883232E-02 -0.3350294751869077E+00  0.1045532073824953E-01 -0.2120073637024144E+01
     16      3      1  0.3465277449591568E+00  0.2362209018305881E-02  0.3779633131803480E-01  0.1592635457263014E-01  0.1732883682442823E+01  0.2419182254436675E-02  0.3937143116818029E-01  0.4651436727697125E+00 -0.2445629660519393E-01 -0.7455241317078549E+01
     17      3      1  0.3732644036102102E+00 -0.7500328536549297E-02  0.1429267993601798E-01  0.2932191373967836E-01  0.2375828855554729E+01  0.3909835140386134E-03  0.2587014617651558E-01  0.2330669956920028E+00 -0.1023274891958623E-01 -0.1261818727576550E+02
     18      3      1  0.2557559289869159E+00 -0.3032895335886422E-02  0.3278271922985009E-01 -0.8366708430241716E-02  0.6499796768777122E+01  0.9252555094572907E-03  0.1470257115559855E+00 -0.3746364571767222E+00 -0.2781060904424191E-01 -0.3922729653176726E+01
     19      4      1  0.2041074285221325E+00  0.1432804607732588E-02 -0.1925612635129396E-04 -0.5598996598041530E-02  0.4078956163713089E+01 -0.2882503352089815E-02 -0.6652317398391254E-03 -0.1084114536183599E+01 -0.3646052121792381E-01 -0.7014774946973541E+00
     20      3      1  0.9559274480117887E+00 -0.1976720429850645E-01  0.4452814730882987E-02  0.5046260035219237E-01  0.1193749457634744E+01  0.2044717413106917E-03  0.3598801899913957E-01 -0.2600157029854914E+00  0.3175082060749053E-02 -0.2558439464476920E+01
     21      3      1 -0.5711811163517156E+00 -0.4160260506321930E-01 -0.2385098052443881E-01  0.6045184030682542E-02 -0.1044314560355676E+01 -0.1311588969672350E-03 -0.3077783957389079E-01  0.3195608259416324E+00 -0.5372317310326799E-03 -0.1276610321129101E+02
     22      3      1  0.3460657415793826E+00  0.2191402115167274E-02  0.1149665018204610E-01 -0.1392693223112400E-01  0.3458788263347953E+01 -0.2156390277025951E-04  0.2210724059890672E+00  0.2052859524089937E+00  0.5679387988167860E-02 -0.6502396558569338E+01
     23      3      1  0.1774481781837520E+01  0.1255130715425145E-01  0.1307641958030238E-02 -0.4774699714754072E-01  0.1101630925339183E+01 -0.1040196124929258E-02  0.2836943354334144E-01 -0.3377761431950889E+00 -0.2049977695173155E-01 -0.1078664069086251E+01
     24      3      1  0.2181980427116968E+00 -0.9144592706044094E-03  0.5104717397384248E-02  0.1852907888289713E-03  0.2502705773891008E+01  0.5543199670067559E-02  0.5873161645222259E-01 -0.6903260682314116E+00 -0.4808774334581170E-01 -0.1815394137632179E+01
     25      3      1  0.3462984561276416E+00 -0.2414577632317399E-02  0.1708394034403151E-01 -0.4119443733660959E-02  0.1213919778821148E+01  0.6810418541317068E-03  0.6887498437210544E-01  0.2220674498501395E+00  0.4656826699425480E-02 -0.2187971378209241E+02
     26      3      1 -0.7457168630919920E+00 -0.4754667603663509E-01 -0.2062459424709243E-01 -0.7948099664616404E-01 -0.1819434103900464E+01 -0.6704536186428702E-03 -0.2433659056448674E-01  0.4567504897005281E+00  0.3250596267308300E-02  0.1615142935302865E+01
     27      3      1 -0.3366005425797448E+00 -0.1647530511198794E-02 -0.5478702707761941E-01  0.2041391902693131E-02 -0.3191358117914894E+01  0.2741714564381183E-03 -0.2144551483044832E+00  0.5450325849938153E+00  0.1772096879037685E-01  0.4770650470580792E+01
     28      3      1  0.3700652236762130E+00 -0.6485922011624981E-02  0.6125085010847658E-01 -0.2178744164701468E-02  0.1560938346779431E+02  0.6766110987893046E-03  0.1586903246773345E-02 -0.4592703782461791E+00 -0.2457242011129782E-01 -0.1525127692580306E+01
     29      3      1  0.2385146258267892E+00  0.4158366645704758E-02  0.2880880898203447E-01  0.6833066505969743E-02 -0.3721295826732327E+01  0.7803241676233699E-03  0.2557602837661166E+01 -0.3929970047202817E+00  0.2258598890289575E-01  0.2697556733765939E+01
     30      3      1  0.2528252640129247E+00 -0.1279721842087521E-02  0.3298713423152842E-01  0.2759114762522678E-02  0.7722407784866126E+01  0.4416389121891142E-03 -0.8613222894619835E-03 -0.4094382195394057E+00 -0.1563236149664429E-01 -0.1020031857631101E+01
     31      3      1 -0.2244538817742216E+00  0.4158851237892766E-02 -0.2468387092601964E-01  0.3752232466178696E-02 -0.7940691879583662E+01 -0.4902579502945869E-03  0.6618338698179238E+01 -0.3949322305854393E+00 -0.1284995451289612E-01  0.4250673234513579E+01
     32      3      1  0.3690181280558563E+00 -0.8172521249993137E-04  0.6480849954010005E-01  0.9460936049190448E-02  0.8396690225144720E+01  0.6632257263981613E-03  0.2447740020172077E-01 -0.5591852567058289E+00  0.6477823955862222E-02 -0.2287886115986025E+01
     33      3      1 -0.4492562399057748E+00  0.1725617871034725E-03 -0.7976081716642681E-01 -0.3985119356260729E-01 -0.3040456968799525E+01 -0.9019655521705781E-02  0.5521115679359510E-02  0.9530154970725048E+00  0.1108910083754260E-01  0.8548447225637427E+00
     34      3      1  0.4591808095344675E+00  0.1162227769806827E-01  0.2120370286498400E-01  0.9644905790301453E-02  0.1488623274128800E+01  0.1986092532205545E-01  0.3844312213681566E-01  0.7733467438399094E+00  0.1795754101995760E-01 -0.4032679761067434E+01
     35      3      1  0.1766255108490445E+01  0.2550715348270686E+00  0.4952675968321232E-02  0.1131797402972397E+00  0.1531946561346339E+01 -0.9736927220539936E-03  0.1403501089782594E-01 -0.3569221627976512E+00  0.6293958673764267E-02 -0.6592885852116240E+01
     36      3      1  0.2171376710983090E+00  0.3577407422903368E-02  0.2340218679502146E-01  0.1030359751598333E-02  0.2962503638163079E+02  0.1002051242993658E-05  0.4751095496620234E-02 -0.3565939136368020E+00  0.1525781811015598E-01 -0.2287757696517386E+01
     37      3      1  0.3864979933477199E+00  0.3264511010396734E-02  0.6945112998086921E-01  0.1458276027437300E-01 -0.2349684786955633E+01 -0.1348178447370028E-01  0.1461263237383272E+01 -0.6370624395800784E+00 -0.1006560097955429E+00  0.1901507662855777E+01
     38      3      1  0.5600253073224628E+00 -0.1127422175351118E-01  0.4831089128106846E-01 -0.1931762487847271E-01  0.2165288447159300E+01  0.2712737231558559E-02  0.6884160217663815E-02  0.3849335798823697E+00  0.1331302908996707E-01 -0.2247812133655042E+02
     39      3      1 -0.1088934917135372E+01 -0.1160784882927911E+00 -0.1471343489580883E-02 -0.7971197579890921E-01 -0.2496382492353969E+01 -0.1804574519662720E-03 -0.9488148528765444E-01  0.2399683673942152E+00  0.3353172528987891E-03 -0.3627614351630565E+01
     40      3      1  0.3737111735774778E+00  0.2442062286664311E-02  0.5400065440687786E-01  0.2385531219260175E-01  0.1263169384759110E+01  0.2244207565790894E-01  0.3775901507441322E-01 -0.6143919742626889E+00 -0.4303457418541127E-01  0.9216318748733064E+00
     41      3      1  0.5833351826264908E+00  0.5700131951537241E-02  0.1700026981531703E-01  0.4570649744219320E-02  0.1752248903007121E+02  0.1084066388880707E-04  0.3562842198940935E-01 -0.2799314650773698E+00  0.2225855466664082E-02 -0.3995493397726797E+01
     42      3      1  0.3270764194153581E+00  0.3363047041711425E-02  0.5013119336558580E-01  0.2464202169502969E-01  0.5417396055066719E+01 -0.9641258689009977E-03  0.6888503401092265E+00  0.5524825184120905E+00 -0.6657090483305313E-01 -0.1112120419959814E+02
     43      3      1  0.3899326806637390E+00  0.1727983699340563E-01  0.2185757279540107E-01  0.7964435337324107E-02  0.8247765255046431E+00 -0.2134703380833736E-04  0.2483765727905531E-01 -0.2457806220957715E+00 -0.4822770522613472E-03  0.1359444142600829E+01
     44      3      1 -0.5776369876819220E+00 -0.3390162756271641E-01 -0.3705524934047484E-01  0.5582450435408540E-02 -0.9528349300088546E+00 -0.4339631203099093E-02 -0.9215540075484311E-02 -0.3631636301140399E+00 -0.6976016452802330E-02 -0.2342758968767844E+01
     45      3      1  0.2175759919693799E+00  0.2740393732602397E-03 -0.4868922116427817E-02 -0.3444342746873677E-02  0.9935945008693317E+01  0.4302727576313740E-03 -0.3163826135278257E-02 -0.7454794668974601E+00 -0.6163319117372854E-01 -0.1542670775069576E+01
     46      4      1  0.6365941527730955E+00 -0.6428959563183861E-02  0.7102259627762951E-01  0.4147477252379581E-01  0.5682577997312459E+01 -0.7788799296673912E-02  0.3400865363427673E-03 -0.1081251506160116E+01 -0.7371023000383106E-03  0.3837853384538710E+00
     47      3      1  0.2033248925940112E+00  0.2001668533634139E-03 -0.1247935819455122E-01  0.2404055830109581E-02  0.5297727677633118E+01 -0.4543005502694699E-04  0.1435574081508797E+00 -0.6916800351363804E+00  0.1374210795375342E-01  0.3079125381619219E+01
     48      3      1 -0.2373971377163309E+00  0.4216481683636606E-04 -0.2167523935799648E-01 -0.3252489185425005E-02  0.2113594609752637E+01 -0.1772798846373306E-02 -0.7206354728242825E-02  0.4901925800503836E+00  0.2520240869389561E-01 -0.8102425929929691E+00
     49      3      1  0.1930931056974637E+00 -0.6940130111724068E-03 -0.1170632428538830E-01 -0.2060680610959131E-02 -0.1548842781836971E+01 -0.7827143013941169E-02 -0.8446250334709907E-01  0.5906550663248445E+00  0.2885291278819974E-02  0.3298140241302710E+01
     50      3      1  0.4664471200482193E+00  0.4243661414231804E-02  0.7672940329063319E-01  0.9646716654310645E-02 -0.3166427432754771E+01 -0.8789537112181887E-02 -0.1066270894005816E+00 -0.7736324725438366E+00 -0.2111917590745520E-01 -0.2416722536771223E+01
     51      4      1  0.2685870942356920E+00  0.8477300824661766E-03 -0.8929843890253688E-02 -0.4810149282145653E-02 -0.4296373361413941E+01 -0.1798110865489399E-01 -0.2770238019991219E-01  0.1687546717681487E+01  0.9631159605015407E-01  0.1235629504813204E+01
     52      3      1 -0.4173642503602897E+00  0.2525574945794042E-03 -0.1295669128475970E-01 -0.2192066458955133E-01  0.1597524906544733E+01 -0.1422320753791454E-03  0.2311281643303944E-01  0.2306279810125102E+00 -0.6822095357185861E-02 -0.4467936097783880E+02
     53      3      1 -0.9942425201469918E+00 -0.1158031942513955E+00 -0.5761309733232876E-01 -0.1083748507400969E+00 -0.9574197553509545E+00 -0.2867085666013065E-01 -0.5940138257468718E-01 -0.5347029173531016E+00 -0.3652942239461443E-01  0.1601455318545094E+01
     54      3      1 -0.8800626658199968E+00 -0.8263141594139138E-01 -0.2665327960641366E-01 -0.1069865318138297E+00 -0.2207593560982555E+01  0.2174077657719019E-02 -0.2740217720746961E-01  0.4993732547703574E+00  0.1004233201509499E-01 -0.9617171931066981E+01
     55      3      1  0.4528651606085792E+01  0.3251313837042263E-01  0.1386518504581457E-02 -0.4606298813650742E-01  0.1445587863155772E+01 -0.4737804217302760E-03  0.7245678032336077E-01  0.2777363244432134E+00 -0.3424401186447509E-02 -0.1927189448191210E+01
     56      3      1 -0.1396832906567851E+01 -0.2363879005960590E+00 -0.8457279121426756E-01 -0.1814102723670987E+00 -0.1570083111902176E+01 -0.1151501984570244E-01 -0.1606186559152001E+00  0.6692283353356854E+00  0.4487931030437557E-01  0.3090960506782757E+01
     57      3      1  0.2155213271084583E+01  0.1998242568530333E+00  0.1563375774879850E-02  0.1285368666263307E-01  0.2056913997977034E+01  0.4176015261697162E-03  0.6841814792438575E-01 -0.1909290177753098E+00 -0.2779782992238334E-02 -0.1332982269275473E+01
     58      3      1  0.2147243320389863E+00 -0.5186587498619832E-03  0.2447390165725717E-01 -0.1018154251078358E-01  0.4780299105516064E+01  0.2138924444622140E-02  0.2088688415480341E+00  0.3611699461171626E+00 -0.4265957617869666E-02 -0.2683805561477194E+02
     59      3      1  0.1972010762358186E+00 -0.2231078301275588E-02 -0.8559724309587853E-02 -0.1852543101978207E-02 -0.1269117865660211E+01 -0.2375073002534113E-01 -0.5884324211969771E-01  0.6160311458491537E+00  0.3584411606504021E-01  0.1548876780086651E+01
     60      3      1  0.2157993836604174E+00 -0.3435539529356589E-03  0.7081594514305823E-03  0.4243797968681195E-03  0.1941802087477915E+01  0.6869409385567559E-02  0.5188669960577622E-01 -0.6359424449532229E+00 -0.6961440206445530E-02 -0.6525610182645693E+01
     61      3      1  0.2319612806802276E+00 -0.1759004421484774E-02  0.2642318932956525E-01 -0.2489588943819194E-03  0.6721577136145862E+02  0.8690687108766611E-04 -0.4801374759993844E-03 -0.3894929897863024E+00 -0.1515255632119943E-01 -0.1215286535667024E+01
     62      3      1 -0.4423883280225325E+00 -0.4782074283378308E-02 -0.8901463619720899E-01 -0.1728868820149682E-02 -0.6416864532095896E+01  0.5954042721663270E-02 -0.2881292084267668E+00  0.9156668712330415E+00  0.1246075180175872E+00  0.4492607477498999E+01
     63      3      1  0.4490839994891149E+00 -0.9527595105390047E-03  0.8791598275508281E-01  0.3178700951724209E-01 -0.1158722281139732E+02  0.3322360881100088E-02 -0.2306882568676555E-02  0.1003884265999872E+01 -0.1264495120719542E-01  0.9751632402432860E+00
     64      3      1  0.3736112169575464E+00 -0.4325651994774169E-02  0.9004175188244279E-02  0.2180958678227727E-01  0.1683889959610642E+02  0.3871244847488629E-04  0.2414331805137585E-02 -0.2040789899471663E+00  0.2531823144359362E-02 -0.1001320435225593E+01
     65      3      1 -0.2816914063343947E+00 -0.8015875562103120E-04 -0.3941164473128784E-01 -0.1201137302082732E-02 -0.1718379307449744E+02 -0.6475655166507807E-03  0.1685584174975691E+02  0.5496231651340719E+00  0.5275521498814003E-01  0.3471231247670940E+01
     66      3      1  0.1988335439532782E+00 -0.3871644834469204E-02 -0.2003685106409463E-01 -0.1703099637744553E-02  0.1780953200040753E+01  0.2321921678828889E-01 -0.3366793631760402E-01 -0.7535298580119224E+00  0.3617336890194407E-01 -0.1660593130129595E+02
     67      3      1  0.2088504400204536E+00 -0.3670092225711216E-02  0.2027405217171631E-01 -0.1170574907007676E-02  0.1117365949769071E+02  0.1418588773619122E-03  0.6400613183765247E+00 -0.4008184177281142E+00 -0.4444486733260210E-02 -0.7282726194384859E+01
     68      3      1  0.3785730158373263E+00  0.1101285650558174E-01  0.7120850127902097E-01  0.5249869991739472E-02 -0.5584421342897946E+01 -0.8092968369601321E-03  0.4563290682829213E+01 -0.7180512821710801E+00 -0.1169691810294074E+00  0.3286814636953098E+01
     69      3      1  0.3062334509923930E+00 -0.1125944581378167E-01  0.4407561100426737E-01  0.1029860405324646E-01  0.2919656924308659E+02  0.1052855643787312E-02  0.4616168793549787E-03 -0.6134819872735369E+00 -0.5539592923059392E-01 -0.1124976574523402E+01
     70      3      1 -0.2211743772045872E+00 -0.2809215255377284E-03 -0.2094272132156256E-01  0.3999966746750370E-02  0.2050264566918479E+01  0.8155067881495463E-03 -0.9915754609702234E+00  0.3747070895438129E+00  0.1194560904138289E-01 -0.1709673440030671E+01
     71      3      1 -0.2803944833860936E+00  0.1224817832590248E-01  0.1605669402928840E-01  0.1676164795556522E-01  0.1128467196822169E+02  0.6130502011083036E-02  0.3741250012485045E-01 -0.1619204756389086E+01 -0.3672792724315623E+00 -0.2691009133676228E+01
     72      3      1 -0.4701032226225426E+00 -0.2656692570695897E-02 -0.1861287835300523E-01  0.9093780188632382E-03  0.2182465970737802E+01  0.1934400950915902E-03  0.3405651218616638E-01 -0.2559016578796504E+00 -0.1545442730633241E-02 -0.1105976751273718E+03
     73      3      1  0.4290268340310827E+00 -0.1649845113977993E-01  0.1418336529417727E-02  0.2505469260460379E-01 -0.3125397627322086E+01 -0.1851301394978808E+00 -0.2451634887410334E-01  0.2420436667475766E+01 -0.1103344645997597E+00 -0.1191931346418566E+01
     74      3      1 -0.9942139012891859E+00 -0.8975107392375298E-01 -0.1035750377694941E-02 -0.9612611020687913E-01 -0.7780595936205333E+00 -0.1055924786013978E-03 -0.2663991768302392E-01  0.2286790175388657E+00 -0.9681200266604292E-02  0.1311640023392647E+01
     75      3      1 -0.2270223217886672E+00 -0.2948571316643850E-02  0.8108220438604130E-02  0.9047221554427604E-02  0.3836149964594003E+01 -0.3910374625119288E-03  0.5164306597357027E+00 -0.1079108191668386E+01 -0.2849223058766440E+00 -0.9060859836592796E+01
     76      3      1  0.3453311804984555E+00 -0.1431227863580770E-01  0.6348507027430410E-01  0.9311472443374320E-03  0.5731658610756936E+02  0.3746264886223518E-03  0.8667908927111534E-02 -0.5587479160128801E+00 -0.1988037550685401E-01 -0.3118992390997577E+01
     77      3      1  0.2546149805448010E+00  0.4182951042705235E-02 -0.3147178814277392E-03 -0.3851323589561834E-02 -0.9394299831204915E+00 -0.1267020499021314E+00 -0.8106997405839625E-03  0.1957332343563319E+01  0.2892433722823459E+00  0.3023117230876905E+01
     78      3      1 -0.9415795775510808E+00 -0.1110156137358867E+00 -0.2413791797278173E-02 -0.5155226711556642E-01 -0.1003134821296953E+01  0.2347821230059560E-03  0.5708875235690307E-02 -0.2329839135547051E+00  0.1391185204181402E-03  0.6233602601514346E+01
     79      4      1 -0.6453464112954885E+00 -0.7968013595264329E-02 -0.1215122617024447E+00 -0.1328363636482391E+00 -0.5444152579650588E+01 -0.4162689085385882E-01 -0.2235950800355804E-01  0.1688185307963686E+01  0.1173496889901442E+00  0.1164903413125702E+01
     80      3      1  0.5339711000727532E+00  0.9270825960205601E-02 -0.4159590510606403E+00  0.1255569545832433E-01 -0.1658320849475349E+01 -0.6246940912478289E-03 -0.4826819731682235E-01 -0.5137614653986237E+00 -0.1715035940308967E-01  0.1485016287731808E+01
     81      3      1  0.2089605252314056E+00  0.1835256270565650E-02  0.1729588263832899E-01  0.1673170826054190E-02 -0.7122512969743107E+00 -0.1314686728310028E-01  0.3324241510415892E-01 -0.4045637877921374E+00 -0.2333328965995917E-03 -0.3690879695993274E+01
     82      3      1  0.3974816460096890E+00  0.2050331981552804E-01  0.8573252060781039E-01  0.2446291356129323E-01  0.1076264525792984E+01  0.6934921008918234E-01  0.3297038554844510E-01 -0.7828871599143138E+00  0.5690222876349491E-01 -0.4864952875627201E+02
     83      3      1 -0.3283984001902182E+00  0.1343088289401169E-02 -0.1154699893027647E-01  0.4386665652856831E-02  0.3156704003545325E+01  0.3958150111257563E+00  0.6085728716536978E+00 -0.2670912853176840E+01 -0.6263687219020037E+00 -0.3675218847203278E+01
     84      3      1  0.2407349777455288E+00  0.5985656025569782E-02  0.1028103244078135E-01  0.8769603837604873E-02 -0.6610890295211977E+01 -0.1637935717879601E-01 -0.1509575678098549E-02  0.1785354974328269E+01 -0.1182403366389174E+00  0.9547301418597877E+00
     85      3      1  0.5480284827005417E+00  0.1800180570577983E-01  0.1618846710401177E+00  0.7193858164277198E-01  0.2193254015011593E+02 -0.1618707371090081E-02  0.3289003378836636E-02 -0.1007683470681061E+01 -0.2297803706120441E+00 -0.2214802330802097E+01
     86      3      1  0.7832224167181969E+00  0.5459698790920373E-01  0.2111283087846944E+00  0.6106096715440641E-01 -0.1882364948467588E+01 -0.1432191063494715E+00 -0.3735735602561267E-01 -0.1340906770733730E+01 -0.1223607799885263E-01 -0.9414168323847599E+00
     87      3      1  0.5197668947639076E+00 -0.4694435492314811E-01 -0.4204998770766671E+00  0.8675814101062820E-01 -0.4133988641003978E+01 -0.1169534357628015E-02 -0.6957427918011504E-01 -0.4748263896097659E+00  0.2129218509871929E-01  0.1922371833134718E+01
     88      3      1  0.2873189924246738E+00  0.2163672666793065E-02  0.3773987275398010E-01  0.3006436542500928E-02  0.1705767478641622E+03  0.4937193792211989E-05  0.4900405635174209E-04 -0.6014334437907624E+00 -0.8302101051427614E-01 -0.1637074756712334E+01
     89      4      1 -0.3269535225320132E+00 -0.1444526931114045E-01 -0.1301386129188286E-01 -0.2890822182573634E-01  0.2171800520172153E+01  0.8070207732322716E-01 -0.1191872111388983E+01  0.1499062293225035E+01  0.1416976539466127E+00 -0.1434048219682517E+01
     90      3      1 -0.1462407420014630E+01  0.5749088689342412E-01 -0.4233373049887299E-02 -0.1872867666303960E+00 -0.1861870553709558E+01  0.1466058948829770E-03 -0.1289926307425068E+00 -0.3339229235803190E+00  0.3767659870310501E-02  0.1815310035183017E+01
     91      2      1 -0.3186972501724766E+00 -0.1502036510835846E-01 -0.1172253700933967E-01 -0.1432763096292919E-01  0.4676406495612911E+01  0.1312135923624367E+00 -0.3643546108831074E+01  0.2537991761870913E+01  0.1855100844392103E+00 -0.1868259189403822E+01
     92      3      1  0.7118457186333566E+00  0.6655643870652633E-02 -0.3473749583000379E+00 -0.5019061496715290E-01 -0.1529934714434125E+01 -0.2681598724313259E-02 -0.8329513206328672E-01 -0.4331830454046952E+00 -0.6065255808105840E-01  0.3526416559406540E+01
     93      3      1 -0.8581386913223072E+00 -0.4830711102619853E-01 -0.7619631220449121E-02 -0.1171335298527078E+00  0.4076375941740793E+01 -0.9657425195129645E-03  0.1343417171691788E+00 -0.2992224922478069E+00  0.3239448615128136E-02 -0.4010948323107980E+02
     94      3      1 -0.7926466377610375E+00 -0.1045361314091349E+00 -0.9377443075426044E-01 -0.8871691690176871E-01  0.7784702161712050E+00  0.3652261748399709E-01  0.3325799095734742E-01  0.4928414566061803E+00  0.9506113143565859E-02 -0.6635786152219382E+01
     95      3      1 -0.2203028172968541E+00  0.3708428957106700E-02  0.3877041173788584E-01  0.1517492629025115E-01 -0.3350384564654267E+01 -0.5068620499362417E-01  0.2341190019543353E+01 -0.1013028056020898E+01 -0.2859549197786737E+00  0.2348231167763250E+01
     96      3      1  0.6109544227302574E+00  0.5802312564648309E-01  0.3334057199598921E-01  0.8741055090216500E-01 -0.1173330821557972E+01 -0.1695372934495124E+00 -0.1000762184933681E+00  0.2956487969970802E+01  0.5663042670831883E-01 -0.1825586866419784E+01
     97      3      1  0.2074559991616094E+00  0.1061143037433584E-01 -0.4912342866169440E-01 -0.1560744491185939E-01  0.3026144047408181E+02 -0.3252847373367400E-02 -0.3218510472312295E-03 -0.1061683267163159E+01 -0.1358870843555587E+00  0.1739281962682895E+01
     98      3      1  0.5508788834772972E+00 -0.4564753487912586E-01 -0.4599309957900436E+00  0.2705809317439375E+00 -0.1975257666941867E+01 -0.6098826277958448E-02 -0.5092561752377833E-01 -0.5010362404743702E+00  0.3422030393970283E-01  0.8912106039878211E+01
     99      3      1 -0.1513603711368750E+01 -0.1863692404025490E+00 -0.4981814328635047E-02 -0.6321521601486778E+00 -0.1278869946453824E+01 -0.1576381580471997E-02 -0.8102171748255182E-02 -0.3132882365184879E+00 -0.6071913164502027E-02  0.1862430874307603E+02
    100      4      1  0.2821818276339956E+00  0.1037997042747704E-01 -0.3203858041457212E-02  0.2772791099448969E-01 -0.1443358295603983E+01 -0.7115432455399051E-01  0.6289934950368290E+00 -0.2621120254171950E+01 -0.1653746261548112E-02  0.9368539715772560E+00
