 RG_2D WAVE FUNCTION FILE
 PARTICLES      5
 MASSES  0.1642420551744000E+05  0.1000000000000000E+01  0.1000000000000000E+01  0.1000000000000000E+01  0.1000000000000000E+01
 CHARGES  0.4000000000000000E+01 -0.1000000000000000E+01 -0.1000000000000000E+01 -0.1000000000000000E+01 -0.1000000000000000E+01
 SYMMETRY (1+P23)(1-P24)(1-P25-P45)
 BASIS_SIZE    100
 CURRENT_ENERGY -0.1438183382660605E+02
 ==============================
      1   0.7984289981975334E-01 :      1      1  -0.1141656224372521E+00 -0.1630033427533192E-03  0.3983314268081385E-02 -0.1474589190522920E-01 -0.2731332976892333E+01 -0.8942392300318163E-02 -0.5461836072733994E-02  0.1290753936646452E+01  0.1632765104634155E-01  0.4525356623044661E+00
      2   0.1096799234187901E-01 :      3      1   0.2394032565677242E+00  0.6708102043960520E-02 -0.1782993551685501E+00  0.2528854748806166E-02 -0.1770702137087670E+01 -0.2688622541098161E-02 -0.5454162521117890E-01  0.4610428950260592E+00  0.2319819531442083E-01  0.1277253705558459E+01
      3   0.7149782820127864E-02 :      3      1   0.2374546813231117E+00 -0.1200332410225720E-02 -0.1655700621841462E+00 -0.6443676092876850E-02  0.1188788137719530E+01  0.5672258264736220E-02  0.6036123334932206E-01  0.4505182564474599E+00  0.2143972405861283E-02  0.2636342109562875E+01
      4   0.8421013663888006E-01 :      1      1  -0.1144346097963597E+00 -0.9344504850937067E-04  0.5145451936981796E-03 -0.1349945085947377E-01 -0.2627011400463350E+01 -0.1127433500738051E+00 -0.2447805845726171E-02 -0.3082027285983651E+01 -0.3975004933761288E-03  0.4178225610093991E+00
      5   0.5910594594145076E-01 :      1      1  -0.1141319725776053E+00 -0.8625322448519208E-03 -0.9257319190726679E-03 -0.6400790835717104E-02 -0.9513772322614912E+00  0.1104190926321549E-01 -0.4059466272607505E-02  0.3001922518447460E+01 -0.1420419951015948E-02  0.3598382004129623E+00
      6   0.6745864744651969E-01 :      1      1  -0.1116795731002776E+00 -0.1765403482690984E-02 -0.2655515178946800E-02 -0.5968403801208282E-02 -0.9567871994196850E+00 -0.2933307881837397E-01 -0.2077560184768251E-02  0.1467748082529375E+01 -0.1663245782253532E-02  0.3566294614379105E+00
      7   0.1445750630739304E-01 :      1      1  -0.1122122026368215E+00 -0.3416561615665254E-02  0.8711362938526670E-02 -0.7230071217745556E-02 -0.6265944283552019E+01 -0.8412766349665968E-01 -0.3730611639821036E-04 -0.2792817609595268E+01 -0.9153787157080425E-03  0.2880336445114869E+00
      8   0.1082668994980647E-01 :      1      1  -0.1127015262230967E+00 -0.1074004061629252E-02  0.3961396455707670E-03 -0.1172983088150744E-01 -0.9742146946173640E+00  0.3791501249721324E-01 -0.1659847987286431E-01  0.7236357579754842E+01  0.9007653011401051E-03  0.4015484503448964E+00
      9   0.1447838456162340E+00 :      1      1  -0.1146590233273029E+00 -0.1295231367367429E-02  0.2689550481952171E-02 -0.9423363124506130E-02 -0.1793775914972337E+01 -0.2603708482224043E-01  0.5532647868596300E-03 -0.1833109668482214E+01 -0.9458151476787364E-04  0.3942684870726012E+00
     10   0.4335778674304482E-01 :      1      1  -0.1167015956486051E+00  0.1761792252880070E-02  0.1175122025938102E-02 -0.1829632050704307E-01 -0.1417281535797739E+01 -0.5033898304848650E-01 -0.1597763185399296E-01 -0.4471112879499738E+01 -0.1048580140598321E-02  0.4757769844780653E+00
     11  -0.1563760185765360E-01 :      1      1  -0.1182989117972964E+00 -0.8583248860940196E-02 -0.5389062117839684E-02 -0.9755901349325294E-02 -0.1432379075007201E+01 -0.8052427018530584E-01  0.5182370027891323E+00 -0.2023253197284852E+01 -0.7747692799093051E-02  0.8055268908832702E+00
     12   0.1108866269869848E-01 :      1      1   0.1122728189114170E+00 -0.1132129907462598E-02  0.4969525908974477E-03  0.1412256536270126E-01 -0.2106339179204650E+01 -0.1371475635158292E-01 -0.4720416201312324E-02  0.9470021901459400E+01  0.4322994217376335E-03  0.4631503993274327E+00
     13   0.2640609737486883E-01 :      1      1  -0.1133656062279069E+00 -0.2048570272422207E-02  0.9129908291775738E-03 -0.9483593957399542E-02 -0.4455639815947821E+01  0.6543758611303734E-02  0.1108648460956940E-02  0.1004815708426025E+01  0.1361896610446395E-02  0.3274477511464975E+00
     14   0.2212200483511925E-01 :      1      1  -0.1148913588215693E+00 -0.1165446401864532E-02 -0.4426288651067088E-02 -0.9783649673618154E-02 -0.3957731641501856E+01 -0.1848149062852713E+00  0.2448631617041057E-03 -0.5045424984784995E+01 -0.6975347189959085E-03  0.3640875105316166E+00
     15   0.1518044345083948E-01 :      1      1  -0.1126903779434380E+00 -0.2043117008650808E-02 -0.1054021239563850E-02 -0.7853071211763566E-02  0.8446344434632138E+01 -0.3489609431122016E-02  0.7794241778428458E-04  0.1299996480851285E+01  0.3249446874626705E-02  0.3555816647902517E+00
     16   0.6745413223568634E-02 :      1      1  -0.1169537616443727E+00  0.4807401495292605E-02 -0.5029875417438539E-02 -0.1874253231837900E-01 -0.9105963824266869E+01 -0.1433509903304251E+00 -0.1202962825385625E-02 -0.3608948596539697E+01 -0.2829109084322668E-02  0.4865050270342213E+00
     17   0.4214593364385275E-02 :      1      1   0.1134491308289173E+00  0.1064620946336110E-02  0.3978958149168458E-03  0.8062283675012990E-02 -0.1129114509129810E+01 -0.5175526969540758E-01 -0.2764949558343232E-02  0.1428585842672428E+02 -0.2064731600096737E-03  0.3280050601071807E+00
     18   0.1002727176228413E-02 :      1      1  -0.1139808804711485E+00 -0.4037179656644808E-02  0.5240613033302438E-02 -0.8635173201090801E-02  0.2680513778221757E+02  0.1376343389820028E-02  0.8419932276289766E-04  0.1165855380815322E+01 -0.5888886766878130E-04  0.3450005140745704E+00
     19  -0.1063766551861807E-01 :      1      1   0.1146481257035317E+00 -0.2696103450611958E-02  0.3126265098263019E-01 -0.3830506392195545E-01 -0.2689611126017188E+01 -0.1910729224573423E+00  0.6490395087636464E-01 -0.3498449957853640E+01  0.1886476657492204E-01  0.1451910706928091E+01
     20  -0.6881276001898191E-01 :      1      1  -0.1129814496066391E+00  0.7405467519327690E-03 -0.7115851617070227E-02 -0.2921042064119883E-02 -0.1972932480828899E+01  0.1749206055463685E-02 -0.1657990107298105E-01 -0.3004299379626317E+00  0.1177912078348116E-01  0.1020186359387813E+01
     21  -0.3071582017922659E-02 :      1      1   0.1078022965913875E+00 -0.2792799473461344E-03 -0.1141164070065032E-01 -0.2864286709446151E-01 -0.2141520751691871E+01 -0.2484821604393325E-02  0.1629430574801580E+00 -0.9589434048926966E+01  0.5620200732508207E-02  0.1160387514996785E+01
     22  -0.6867957211473899E-01 :      1      1  -0.1119364920559976E+00 -0.1958251050087245E-02 -0.7255755922505473E-02 -0.2595131816334484E-02 -0.1639335815358462E+01  0.1872414045309052E-03 -0.5897460165177797E-01 -0.2837632390947245E+00 -0.7303152146840169E-02  0.2743014307417101E+01
     23   0.3428500882563043E-01 :      1      1  -0.1145236058175983E+00 -0.4153887690590972E-02  0.9902908505749406E-02 -0.1557691538109983E-01 -0.1333093243029251E+01 -0.1489043718010955E-01 -0.2386752980910635E-01  0.9637539724429042E+00  0.2919606627043259E-01  0.4870567999303925E+00
     24   0.1820556151692168E-03 :      1      1  -0.1211577919457591E+00  0.3309659950223640E-02  0.1124813243581329E-01 -0.2252687178729873E-01  0.6849299697749433E+02  0.1211370543924666E-03  0.9422765051931880E-06  0.1402880184006910E+01  0.7340726238897902E-02  0.4089726701262161E+00
     25   0.5761888828486909E-01 :      1      1  -0.1113081790952551E+00 -0.4163491752982017E-04 -0.2514085158278368E-02 -0.4331900471910238E-02 -0.3312848975583041E+01 -0.6049912098055234E-01  0.1870410415696769E-03  0.1877252212535344E+01 -0.1258101502723263E-02 -0.2773824390779154E+00
     26   0.7069978784563079E-01 :      1      1  -0.1160944779252745E+00  0.9470470987232017E-03  0.1999959521553746E-02 -0.2630682476439341E-01 -0.1277704312894657E+01 -0.7199797329935664E-01 -0.1298047175053368E-01  0.2048676204578503E+01  0.9309077791419606E-02  0.5733813006333940E+00
     27   0.1901156499109949E-02 :      1      1   0.1095528987775150E+00  0.2025419911175984E-02 -0.1517037629408287E-02  0.6979723173320811E-02 -0.2587842197116485E+01 -0.3684042320822971E-01  0.8519095066114397E-03  0.2178405630816010E+02  0.3241474371220532E-04  0.3974066735325462E+00
     28   0.4192140961426075E-01 :      1      1  -0.1165134303761473E+00  0.4116624871689790E-02 -0.1541073058745028E-02 -0.1344106897317225E-01 -0.4837094271854277E+01 -0.3289018224709586E-01 -0.3631777125137369E-03  0.1853796385025096E+01  0.1324533859887937E-02  0.4903315353698871E+00
     29   0.1500280905398058E-01 :      1      1   0.1170998183281739E+00 -0.1838619800371116E-02 -0.7100368198401984E-01  0.4886077448562793E-01 -0.1421627488606932E+01 -0.5959815924141031E-01 -0.1783960338399576E+00  0.1151516274536325E+01 -0.4704919344082741E+00  0.2039255157623603E+01
     30   0.2592249790786280E-01 :      1      1   0.1107942830508122E+00 -0.1807581211385177E-04 -0.2575087650094063E-02  0.3762774186784788E-02 -0.1804395418459276E+01 -0.6639840255442610E-01  0.4338091882710245E-02  0.5565920002094987E+01 -0.2753085170807095E-03 -0.2915696305054687E+00
     31  -0.8660461441866867E-02 :      1      1  -0.1310119069610475E+00  0.1370894724569320E-01 -0.2366673605372387E-01  0.6147559593825948E-01 -0.4458099285001119E+01 -0.6098475766452941E-01  0.2782620770592138E-01  0.1724585725201905E+01 -0.2133461552844965E+00  0.1031799225938692E+01
     32   0.7110443373727153E-01 :      1      1  -0.1944407096306550E+00  0.1146521300753598E-04 -0.4858280887915187E-02 -0.3818132373339447E-01 -0.2545148302360106E+01 -0.2208656547327528E-01  0.1587611290030747E-03  0.1693868222086255E+01 -0.1366097111604197E-02  0.3263941230293101E+00
     33   0.6447110381665160E-03 :      1      1   0.1167418362707972E+00  0.1042216281313258E-02  0.1931079497751967E-03  0.1616114123288818E-01 -0.1171413817553306E+01  0.4329995387407286E-02 -0.1457741590958134E-01  0.3669352728333144E+02  0.8410375803839222E-04  0.3814372481848188E+00
     34   0.8773230282454806E-02 :      1      1   0.1138205938824272E+00 -0.3173589361542626E-02  0.1040606924410103E-01  0.6418338745657465E-02 -0.4225514115816333E+01 -0.1932267625300839E-04  0.3149261026628943E+01  0.3664683236102663E+00  0.2379724574759481E-01 -0.2923250090858676E+01
     35  -0.3558489750861089E-01 :      1      1  -0.2018482301574865E+00 -0.8882087574660220E-03 -0.3765389695766149E-01 -0.6296588824116930E-02 -0.1362723644834156E+01  0.1781748653769600E-02  0.6106270441400885E-02 -0.3351125507439933E+00  0.6108582344975934E-02  0.3925422550163033E+01
     36  -0.1077810087996493E-01 :      1      1   0.1226689088290382E+00  0.2873956462486960E-02  0.2861174801687818E-03 -0.5240315098525915E-01 -0.1207127393348637E+01  0.2787593961455131E-02  0.2470509923201616E+00 -0.4646192047235609E+01  0.3727725025765022E-02  0.1285332211357153E+01
     37   0.1073013191353843E-01 :      1      1  -0.1994002623642064E+00  0.4402938692510116E-02 -0.2508609275552991E-01 -0.2941132350241716E-01 -0.6550605639605816E+01 -0.1895875902765038E-02 -0.4306701470076135E-03  0.1709315381770205E+01 -0.1014829721941996E-02  0.2875749325684408E+00
     38  -0.6323580818934615E-01 :      1      1  -0.2081707781839914E+00 -0.1978675756209449E-02 -0.3403429994595154E-01  0.4829601715964246E-02 -0.1341110082726610E+01  0.1901642085463531E-02  0.1406177526926366E-01 -0.2750092562377449E+00  0.1115587448141459E-01  0.2030433170112990E+01
     39   0.1350935718721172E-01 :      1      1   0.2006034526405242E+00  0.5085985601648631E-02 -0.3504376517820297E-02  0.6901714815301804E-01  0.2663448916940315E+01  0.2335234758829069E+00  0.4029997001702081E-02  0.6212356233035144E+01  0.8895694436284102E-03 -0.4762045140556013E+00
     40   0.2969136846724616E-01 :      1      1   0.2039075139676612E+00  0.2569458611897975E-02 -0.1175590977143810E-01  0.5385274146316893E-01 -0.4229434109376901E+01 -0.6177011834954563E-01  0.7903179106020323E-03  0.2415291265124021E+01  0.1644427055277145E-03 -0.4067510919883762E+00
     41   0.3831947389095415E-02 :      1      1  -0.2045294385894794E+00 -0.3679944771906704E-02  0.1970069883549113E-02 -0.5016470743711593E-01  0.1115316776714012E+02  0.7583541264308742E-02 -0.1908257429939196E-03  0.2493718781905557E+01  0.1174964643045763E-02 -0.3795677785675355E+00
     42   0.2092368275167339E-01 :      1      1   0.1172516732019643E+00  0.7161131889084494E-02  0.1192657942860179E-01 -0.9726087962216837E-02 -0.2246390661764274E+01 -0.3454656662287366E-02  0.1214430576621988E+01  0.3740624747278067E+00  0.2117093685541657E-01 -0.1854637919375950E+01
     43   0.1571596551396361E-02 :      1      1  -0.1177929672991639E+00 -0.6338785575593118E-02 -0.1422711535798683E-01  0.1189919062378434E-01  0.8597390090273896E+01  0.6963405511037472E-03 -0.7249003820876993E+01 -0.3620426688510675E+00 -0.2319782524663347E-01  0.4712655605909533E+01
     44  -0.4684725775826006E-02 :      1      1  -0.2224700401321417E+00 -0.2280704704298612E-02 -0.5708143170645397E-01  0.3385282254027619E-02  0.6735799413780835E+01  0.6435683572782913E-03  0.4186809211449021E+00  0.3272999594787750E+00 -0.1777591490573987E-01  0.5209924433371109E+01
     45   0.1823451238921196E-01 :      1      1  -0.2116195636535700E+00 -0.2830521731209744E-02 -0.1008387108753510E-01 -0.6356910700471258E-01 -0.3565534562610272E+01 -0.7444129405233346E-02  0.3754285493042465E-02  0.1017260736792247E+01  0.5784166753422356E-02  0.4373479049651131E+00
     46   0.6442765525754074E-01 :      1      1   0.2045533395939257E+00  0.1172509674784238E-03  0.1255119000883454E-01  0.5450634382591382E-01 -0.1543574545955446E+01 -0.6535454496630173E-01 -0.1470197104803309E-02  0.1248827529414875E+01  0.1423928161845009E-01 -0.4383577592896781E+00
     47   0.5487446581644540E-01 :      1      1   0.2143436591463882E+00  0.5082077523209993E-02  0.3415469166372838E-02  0.7342400398140347E-01  0.1855219917951350E+01  0.1221019211702193E+00  0.7956574271889760E-02  0.2705296591692662E+01  0.2668614533584387E-02  0.5048339534229216E+00
     48   0.8996749621823345E-02 :      1      1  -0.2028385249027409E+00 -0.5003221378505299E-02 -0.2767325067736099E-02 -0.3730388773729269E-01 -0.1467627034268202E+01  0.2122067473601993E-01  0.1345160527221884E-02  0.8599060299434552E+01 -0.5255160008099809E-03  0.3125332414308993E+00
     49   0.2511172083362287E-02 :      1      1   0.1894135754016253E+00  0.6637577203915199E-02  0.3818029127386484E-02  0.5724781695731831E-01 -0.1395039919459119E+01  0.1091655958811732E-01 -0.1691034911962331E-01  0.1675234225621587E+02  0.6513004152983611E-03  0.5462358933677247E+00
     50   0.3065082793958067E-01 :      1      1  -0.2006597677873292E+00 -0.9315405001993873E-02  0.4953967618717197E-02 -0.6778786167777422E-01 -0.8409899083732829E+00 -0.2338092408682498E-01 -0.3555454947887698E-01  0.2074069547234112E+01  0.6795556965349208E-02  0.4474489206908986E+00
     51   0.2545005145196423E-02 :      1      1  -0.1140658364545711E+00 -0.8234376771390964E-04  0.2566835496543293E-02 -0.1136621408002535E-01 -0.6368158924640607E+01 -0.6242456487685737E+00  0.4284355265133583E-03 -0.1057607480070141E+02  0.1936950124025691E-03  0.3672390677343964E+00
     52   0.1642096555420095E-01 :      1      1   0.2258222779275559E+00  0.3123090595251923E-01 -0.1640151410434721E+00  0.1089640258112145E+00 -0.1840806820032450E+01  0.1077970047379335E+00 -0.1372969255962668E+00  0.1033456032282755E+01 -0.6880559296708411E-01  0.2730473493452952E+01
     53   0.2371693320142763E-01 :      1      1  -0.3901624700807554E+00 -0.9078867744020143E-02 -0.1031597276848373E-01 -0.7571211360254421E-01 -0.2340471252970015E+01 -0.7698101232203536E-01 -0.6775227066203615E-03  0.1665155807735829E+01  0.2034298975380210E-02  0.3253869538767089E+00
     54   0.2647104297681851E-02 :      1      1  -0.1106956836925439E+00  0.2213334281810482E-02 -0.1476365547692498E-01 -0.2257967150252680E-02  0.1480148797406774E+02 -0.1523827517669993E-01 -0.2562925307641986E-03  0.2302614645498444E+01 -0.6134171515891468E-02  0.2697366642727367E+00
     55   0.5393697288938072E-03 :      1      1   0.1139949859908172E+00  0.2025576459799939E-02  0.8713106137088674E-02  0.9865628047992372E-02 -0.3752825298673655E+02 -0.2606822270935160E-02  0.4572777027533344E-04 -0.3045293823784156E+01 -0.2271724216992988E-02 -0.3787470185718528E+00
     56  -0.2251293041377823E-02 :      1      1  -0.1283135038784389E+00 -0.6113315942395249E-02 -0.4003471967100833E-01  0.9707710973693295E-01 -0.8762886325301466E+01 -0.2712299565369541E+00  0.1325654349726075E-02  0.3760947835846982E+01  0.1206244918867229E-02  0.1300671831794804E+01
     57   0.1312589929239811E-01 :      1      1  -0.4032006040521272E+00 -0.3096528147072980E-01 -0.1158111959409074E-01 -0.7666292663327628E-01 -0.1172127242877864E+01 -0.5498145638843355E-01 -0.3702280810169135E-02  0.2998248510177414E+01  0.2279289460386725E-03 -0.3236742797728150E+00
     58   0.3042726386127768E-02 :      1      1  -0.1161087751520479E+00  0.2580284487782280E-02  0.1202169499255724E-01 -0.2201014165971822E-01 -0.1553737177447131E+02 -0.6242028052687532E-02 -0.6783136863151137E-03  0.1610382135575159E+01  0.1970436649163432E-01  0.4725235262319262E+00
     59  -0.1972996209016779E-02 :      1      1  -0.2032830937362543E+00  0.3844458161816730E-03 -0.3591540505316597E-01 -0.2935581655016008E-02  0.1398748366869885E+02 -0.1009692749198697E-03  0.5613186713343179E-02  0.2936292556055778E+00 -0.5854933433646719E-02  0.9750930675752525E+00
     60   0.1682640376059607E-03 :      1      1   0.1093439891766655E+00  0.4164001206646124E-02 -0.3526873723007968E-01  0.2712785829190631E-02 -0.2278914069867417E+01 -0.1491990857439874E+00  0.1876849443073419E-02  0.6659758005604309E+02  0.4781334004889307E-04 -0.3238242968116297E+00
     61   0.5227120192216619E-02 :      1      1  -0.3862633084904139E+00 -0.7615745441292748E-02 -0.3772863647565172E-02 -0.7597147610866570E-01 -0.5333873947956675E+01  0.1714510546807605E-01 -0.1385757278904670E-02  0.1258687162616183E+01  0.9136721650805788E-03  0.3299779192429820E+00
     62   0.6735726377137157E-02 :      1      1   0.2072448882297847E+00  0.1873950095635355E-02  0.5355156500231566E-01 -0.9655670309783808E-02 -0.3291173619604918E+01 -0.5388618314847150E-02  0.2057937820807836E+01  0.3618034661854769E+00  0.2245777809958227E-01 -0.2399969633324868E+01
     63   0.1642987787278994E-01 :      1      1  -0.1894495121428099E+00 -0.2560044205858084E-02 -0.1192696323107784E-02 -0.3642036400775685E-01  0.9570090582675768E+00  0.1010891777941820E-01 -0.2275331773510688E-02 -0.1028438771395740E+01  0.4588258122169951E-02  0.2845711559307396E+00
     64   0.9288547275473632E-03 :      1      1   0.2179465767184882E+00 -0.1169856468097394E-02 -0.1472913363436076E-01  0.7232767535384482E-01 -0.2546934621584044E+02 -0.2464256828488052E-02 -0.3909310229372896E-03  0.2081736998683889E+01  0.2987281016395706E-02 -0.3949945819254899E+00
     65   0.1377850692970184E-01 :      1      1  -0.3902627918854636E+00 -0.3299189465143228E-01 -0.9853265301101383E-02 -0.7822616011404800E-01 -0.1149305922674541E+01 -0.1783552319259248E-01 -0.6103151475341519E-02  0.1291330690021568E+01 -0.1226787563285571E-02  0.3337960697579433E+00
     66  -0.4472590625756463E-02 :      1      1   0.2246225902764977E+00  0.4518579305959323E-01  0.4922292680305380E-01 -0.1975607969139930E+00 -0.2593298309764772E+01 -0.2747861977575605E+00  0.4974807683304655E-01 -0.6182553303192328E+01  0.1272080219276974E-01  0.1233492315020752E+01
     67   0.5367267369643472E-02 :      1      1   0.3855537077350077E+00  0.1446157741891025E-01 -0.1405263365101837E-02  0.7054280251444404E-01  0.2011940734094481E+01  0.1261675963028500E+00  0.1194543032860151E-02  0.5890024535710841E+01 -0.5778044144444863E-03 -0.3162745387046190E+00
     68   0.9573742520412829E-03 :      1      1  -0.1348749399205204E+00 -0.7397642042540641E-02  0.6335778762228766E-02 -0.1902794544502598E-01  0.1806493581258139E+02  0.2442516973294979E+00 -0.9297571379661545E-04  0.6271929288305383E+01  0.7725672590413466E-03  0.3408162525129180E+00
     69  -0.2897934286216569E-02 :      1      1  -0.1312211058783650E+00  0.1660348443013224E-01  0.3841101624960019E-01 -0.8650834459306848E-01  0.3256819951806284E+01 -0.4735603788183208E-01 -0.2312654965481781E+01  0.1734493692860644E+01  0.6971315985514819E-01 -0.1477498686683011E+01
     70   0.2362189267643783E-01 :      1      1  -0.2020475755602490E+00  0.6363034823781674E-03 -0.6019256959218476E-03 -0.3381535850165763E-01 -0.2673874042975525E+01 -0.1490139360288853E+00 -0.7216898952432260E-03 -0.3631262234814158E+01 -0.8585618824935968E-03  0.2589339524910786E+00
     71   0.4395119565976753E-04 :      1      1   0.1365421634573303E+00  0.3016953571351114E-02  0.2531372062409815E-01  0.2361079168392514E-01 -0.1272119673718596E+01  0.7140795113267426E-01 -0.7511834813962211E-02  0.1496523221908177E+03 -0.2040976632604947E-03  0.3556508780665645E+00
     72  -0.2884053067419926E-03 :      4      4  -0.3536470581691259E+00 -0.1422765099119991E-02  0.4980528573271174E-01 -0.4772776938427883E-01 -0.1323740776872692E+01 -0.3584684494418250E-01 -0.6995014238108139E-03  0.3445286712159144E+02  0.7512067223759946E-04  0.2604481508319562E+00
     73   0.6997368402232799E-02 :      4      1   0.5006683655293140E+00  0.1361658435451967E-02  0.3807703748776121E-03 -0.8101563927707407E-01 -0.3567969389641223E+01 -0.1391103894105638E+00 -0.1065048627291221E-03  0.2077182285322694E+01  0.1207326423379126E-02 -0.2187575884591977E+00
     74  -0.8501585471075514E-02 :      1      1  -0.2060804006150996E+00 -0.3317719832144771E-01 -0.1821732940674176E+00  0.8812939421602665E-01 -0.2951486281857161E+01 -0.4644996265496570E-01 -0.1033951746070435E-01  0.7853047070386748E+00  0.1839697334476984E+00  0.1276001077018018E+01
     75   0.1845466398433170E-02 :      1      1   0.2366751245972255E+00  0.4678144554384140E-02 -0.1956253863443500E-02  0.5083230665889797E-01  0.3670953617595571E+01  0.2299067351868570E+00 -0.4815991705757322E-03  0.1406957530891546E+02  0.1995026956534775E-03 -0.3391882828458836E+00
     76   0.6821435550953900E-02 :      1      1   0.2175367702299162E+00  0.2140075266401813E-01 -0.1431211884298440E-01  0.8790862089116347E-01  0.8466930407722097E+00 -0.6733522390263224E-02  0.5135780589900916E-01  0.5528202885435818E+01  0.3308901675308824E-02  0.4585312629463910E+00
     77   0.1987227345396912E-01 :      1      1  -0.2213992767006743E+00 -0.5107742346414530E-02  0.6156772091700781E-02 -0.3601468744086304E-01  0.2111428765646006E+01 -0.6965201674641621E-02  0.1904314701727143E-02  0.8827277955523642E+00 -0.1535840784427658E-02  0.2729174697792816E+00
     78  -0.1267405825380232E-02 :      1      1   0.1933223666202731E+00  0.6740214088332099E-01  0.3980993222338183E-01 -0.1049516733846953E+00 -0.1422155386083146E+01  0.1833556784152407E-01  0.1182627760158446E+00 -0.1648922922591122E+02  0.1655094875495405E-02  0.1026218560575851E+01
     79  -0.9102681779484925E-03 :      4      4  -0.3346113177357723E+00 -0.1837673926548070E-01 -0.1919200653907138E-01 -0.9510633278831679E-01 -0.1111371976302657E+01  0.1232324879475371E-01 -0.8541776118793032E-02 -0.1285164854584505E+02 -0.1491952460366932E-04  0.3756546601837392E+00
     80   0.2594852226613660E-03 :      1      1   0.1479431357466219E+00 -0.3382841612434070E-02  0.7775143252490654E-03  0.4016183622305709E-01 -0.5656366283931366E+01 -0.3080814817063601E+00 -0.2583447745638338E-02  0.3506223762947428E+02  0.4801218586809997E-04  0.3932626775648457E+00
     81   0.1220946024785797E-02 :      3      1  -0.2325642514236207E+00  0.5712706641467689E-02  0.1643092545163833E+00 -0.1090453941456328E-02 -0.8991056234202569E+01  0.6392787388966382E-03  0.1811097143243326E-01 -0.4750297966714800E+00 -0.4216357364556571E-02  0.1720085932437557E+01
     82   0.5635911290348096E-02 :      1      1   0.2108849468297383E+00  0.1477040584124746E-02 -0.4669898801267061E-02  0.8058846835806118E-02 -0.1385427441154212E+01  0.1253683724694475E-01  0.3966220059304675E-04  0.1000047547449260E+01 -0.2436983963336144E-01  0.1003991567750612E+01
     83   0.4015221093202835E-04 :      1      1  -0.1371988274075392E+00 -0.9067254045803433E-02 -0.3811193131224756E-03 -0.2098434159979709E-01  0.1568800085646960E+03  0.3348858855015489E-02  0.5598549177391219E-04  0.2667847380341606E+01  0.4688010631770406E-03  0.3507436961921341E+00
     84   0.1181406556738616E-02 :      1      1  -0.4092682673370964E+00 -0.7608652089163222E-02 -0.1132060300764403E-01 -0.7740542020091570E-01 -0.1226815405502125E+02 -0.2123204602102779E-01  0.2035912185952398E-03  0.2186687533735006E+01  0.2184898078025708E-02  0.3123496695396559E+00
     85  -0.3183927408857871E-02 :      4      1   0.2358668686101423E+00 -0.2518424856826493E-02 -0.5135412451933131E-02 -0.1701740680673494E+00 -0.1773590720324823E+01 -0.9054917489068991E-01 -0.5337387974884791E-02  0.5366355977537783E+01  0.1001898878219022E-02 -0.4670224208691560E+00
     86   0.8739941231725544E-02 :      1      1  -0.2019252562960448E+00  0.4541601625368186E-02 -0.3247357599263196E-02 -0.3325111577516108E-01 -0.4313202039895281E+01 -0.2532366677880107E-01 -0.1511006058517890E-02  0.1138921158009993E+01  0.1109112731045586E-02  0.2368883152079325E+00
     87   0.5391765583275588E-02 :      1      1  -0.2054500610717587E+00 -0.3050616615449779E-02  0.5060713368055993E-01 -0.9704472774409346E-01  0.7521604487647303E+01  0.1744254336981745E-02  0.1104885000810839E-02  0.1197947372397975E+01  0.2682892636694110E-01  0.5470055381942160E+00
     88   0.3709347376679525E-01 :      1      1  -0.1151650720508304E+00  0.2603539432501685E-02 -0.3034262102401546E-02 -0.8506210289464952E-02 -0.1336863491624722E+01 -0.9361880105229635E-01 -0.8546742762375213E-03  0.1531808008478301E+01  0.2894131722244063E-02  0.2510149012032469E+00
     89   0.3451515865541370E-02 :      1      1   0.1230894728367557E+00 -0.3541666225596819E-02  0.7645118847279353E-03  0.9653105700569903E-02 -0.2758953396959739E+01 -0.1821946365163052E+00 -0.3933993984227980E-03  0.1029892515562103E+02 -0.2290551723197175E-03 -0.2532868482765170E+00
     90   0.6329586472694514E-02 :      1      1   0.3851042355317136E+00  0.7095431248881453E-02  0.7462906548776580E-02  0.7625270756597077E-01 -0.3904490465225913E+01 -0.2454135215036828E+00  0.3539807086434135E-03 -0.3072445112713741E+01 -0.1259951580381683E-02 -0.3270770322885866E+00
     91   0.3169486386215033E-03 :      1      1  -0.1338215475586075E+00  0.7192764391865436E-02 -0.2172612747326158E-01 -0.2478030105461316E-02  0.1918409813006813E+02  0.3138552850036701E-03 -0.1891967249394248E+02 -0.3525947815776004E+00 -0.3144573897012935E-01  0.3153988014735802E+01
     92  -0.1009907998983948E-03 :      4      4  -0.3971601465041361E+00 -0.4475044127619672E-01 -0.2696735945727041E-01 -0.4123156113040023E-01 -0.2587642231950093E+01 -0.4983734439664686E-01 -0.4312035098263959E-03  0.6784133351668721E+02  0.3609727090169918E-04  0.2184485535261148E+00
     93   0.4138020646861574E-02 :      1      1  -0.1325031184141277E+00 -0.1113318385599659E-02  0.2040657503051219E-02 -0.1444258886533586E-01 -0.8593294059468566E+00 -0.1037964335881190E+00  0.8232118776987681E-02  0.5197236064179487E+01  0.1454419576101456E-02  0.2127292614450665E+00
     94  -0.6551083000466922E-03 :      4      4   0.2399827488875809E+00 -0.3855198458919409E-01  0.1955902578407779E-01  0.1521985713521552E-01  0.1900820254638112E+01 -0.2418706318248313E-03  0.8868708516840299E-03 -0.2363067476812761E+02 -0.1260577806428485E-04 -0.1767490329759014E+00
     95   0.1434186283150186E-02 :      1      1   0.2321606356863779E+00  0.5052667731926456E-02  0.5613488448741494E-01 -0.7843397096118969E-02 -0.6877338809713239E+01  0.2415115684449637E-03  0.5996112897295903E+01  0.3300757292444012E+00  0.2345077910318267E-02 -0.3381199054643683E+01
     96  -0.3575794801222651E-03 :      1      1   0.1190523177464332E+00  0.1589699990692824E-01 -0.1504847055736748E-02 -0.8036403439364054E-01 -0.2726642914191235E+01 -0.1224281191281994E+00  0.7158395962362558E-01 -0.2624821206547301E+02  0.1383304326850141E-02  0.1495437966817660E+01
     97   0.1283183388226562E-02 :      1      1   0.1311974479467024E+00  0.3386446395193139E-02 -0.7183519340683055E-01  0.1276857188253025E+00 -0.1531796577617074E+01 -0.4337923760121654E+00 -0.9762450787427200E-01  0.2672188464137781E+01 -0.1690410944227606E+00  0.8111039162659301E+01
     98   0.7247795011069458E-02 :      1      1   0.2207794358172247E+00  0.8270076867739362E-02  0.3519261981724155E-01 -0.1749150330312057E-01 -0.1648200980161182E+01  0.2509450735623971E-02  0.1003587536935433E+01 -0.2769693821296923E+00  0.2098421086468371E-01 -0.1744385024362110E+01
     99  -0.1503140754442562E-03 :      4      4  -0.2844022451883463E+00  0.1281436248492802E-01  0.2520495705492567E-02 -0.3884540915709549E-01  0.5423702976115631E+02  0.5997164125462699E-03  0.2783146445715318E-04  0.1513030129113029E+01 -0.2192395340939699E-02  0.2374926801150413E+00
    100   0.3902929663560587E-03 :      4      1   0.5044347470481166E+00  0.2369069642909510E-01 -0.5527752562062206E-02 -0.9062094106268315E-01 -0.1973194470339023E+01 -0.9713321347246881E-01 -0.3162110561907376E-02  0.1570793076133386E+02  0.1495260997191811E-03 -0.2244669311160070E+00
