 BASIS_TYPE RG_2D
 PARTICLES      3
 MASSES  0.7294299541700000E+04  0.1000000000000000E+01  0.1000000000000000E+01
 CHARGES  0.2000000000000000E+01 -0.1000000000000000E+01 -0.1000000000000000E+01
 SYMMETRY (1+P23)
 BASIS_SIZE     10
 CURRENT_ENERGY -0.2054348686114554E+01
 WHICH_EIGENVALUE      1
 EIGVAL_TOLERANCE  0.1000000000000000E-11
 INVITPARAMETER  0.1000001000000000E+01
 LAST_EIGVAL_TOL  0.9925566712854627E-13
 BEST_EIGVAL_TOL  0.1000000000000000E+01
 WORST_EIGVAL_TOL  0.9983655497918350E-12
 GENERATOR_PARAM  0.7000000000000000E+00  0.1000000000000000E+01  0.3000000000000000E+01
 ==============================
     10 -0.2054348686114554E+01     10      0    448
 ==============================
 EXPC_VALS I 10
 ==============================
      1 -0.1166035184087513E+01      0      0      0
      2 -0.1854624680319318E+01      0      0      0
      3 -0.1983273797064488E+01      0      0      0
      4 -0.2026882503190951E+01      0      0      0
      5 -0.2049378611292510E+01     10      0    172
      6 -0.2050501009424680E+01      0      0      0
      7 -0.2051107929693260E+01      0      0      0
      8 -0.2051878077493637E+01      0      0      0
      9 -0.2052183659517718E+01      0      0      0
     10 -0.2054348686114554E+01     10      0    448
 ==============================
      1      2      2  0.8788094339488373E+00  0.1726858796161815E-02 -0.1870033166948734E+00
      2      2      2  0.1213016510037015E+01 -0.1605594915359160E-04 -0.1027701868376516E+00
      3      2      2  0.5297826468725261E+01 -0.1144769483748153E-04 -0.1014030355332268E+00
      4      2      2  0.6690079545974054E+00 -0.1692475678761860E-04 -0.1018274574723908E+00
      5      2      2  0.2371480638976709E+01  0.1098025633531810E-04 -0.1021443376584043E+00
      6      2      2  0.1620247866275001E+02  0.3995314864567512E-05 -0.1059246275137229E+00
      7      2      2  0.3498266427059006E+01  0.1493956727632108E-03 -0.1838025669564848E+00
      8      2      2  0.4677387505097590E+00  0.4726002451581248E-02 -0.1749308082233237E+00
      9      2      2  0.8860321374694790E+01  0.3341272359134706E-04 -0.1790304626503225E+00
     10      2      2  0.1672264217163455E+01  0.2799803683729952E-03 -0.1849789245874941E+00
