 RG_0S WAVE FUNCTION FILE
 PARTICLES      5
 MASSES  0.1642420551744000E+05  0.1000000000000000E+01  0.1000000000000000E+01  0.1000000000000000E+01  0.1000000000000000E+01
 CHARGES  0.4000000000000000E+01 -0.1000000000000000E+01 -0.1000000000000000E+01 -0.1000000000000000E+01 -0.1000000000000000E+01
 SYMMETRY (1+P23)(1-P24)(1-P25-P45)
 BASIS_SIZE    100
 CURRENT_ENERGY -0.1442826504020247E+02
 ==============================
      1   0.1344777657656982E+00 :  -0.1228109325339539E+00 -0.9591258569906895E-03 -0.1853851449943612E-01 -0.1366251047895260E-01 -0.1148188266384618E+01 -0.4459319965880668E-02 -0.4278301041495016E-01 -0.4414831643069572E+00 -0.5512443632611100E-02 -0.1967057307407289E+01
      2   0.1214965522653139E+00 :   0.1217975528858980E+00  0.2315615111899115E-02  0.3607145877981402E-01 -0.2451392155425909E-03 -0.2241783510273414E+01 -0.3171026318908976E-02 -0.3812583958126340E-01 -0.4393326941165657E+00 -0.1529295075181099E-02 -0.2218560206912587E+01
      3   0.6064371556123553E-01 :   0.1220630897569914E+00 -0.2540204811565895E-02  0.2389236414197101E-01 -0.1227844606881878E-01 -0.2538608129926060E+01 -0.7051757091860091E-03 -0.9959181978228032E-01 -0.3420877717041115E+00  0.1169104538956457E-03 -0.3711600951545769E+01
      4   0.1576986712876648E-01 :  -0.1250701033132732E+00 -0.1038271967958096E-01 -0.1235741977191250E-01 -0.5891701911689906E-02 -0.5861768214154622E+01  0.8110440136639773E-03  0.1535523901823223E-02 -0.3718909445963978E+00 -0.1413405405430922E-01 -0.1028571702999588E+01
      5  -0.9831109486576180E-01 :  -0.1199186358529830E+00  0.3626993002220693E-02 -0.5262937854916674E-02 -0.2653149617990060E-01 -0.1861643929324836E+01 -0.2177991242598997E-01 -0.1142889478205260E-01 -0.1293648777053815E+01 -0.1936367332664951E-01  0.5220133860190407E+00
      6   0.1601806241178489E-01 :   0.1297398103806432E+00  0.2388336175971438E-02  0.4608413522200431E-01 -0.4160170268241869E-02 -0.9931300087290640E+00 -0.2135381047659781E-01  0.2671796296277863E-01 -0.4315159584389642E+00 -0.8637778634639680E-02 -0.7667715703353269E+01
      7   0.4768120843565899E-01 :   0.1241382440776126E+00 -0.1009531008185988E-01  0.2593851274854963E-01  0.1763633015118786E-01 -0.3854030414622219E+01  0.4579734941793079E-03 -0.1379562140905919E+00 -0.4930757371023485E+00 -0.1340750389701169E-01 -0.2697896928998702E+01
      8   0.3519491217589466E-01 :   0.1144575045343059E+00 -0.6339325150763494E-02  0.1097339626352624E-01 -0.6779697060497859E-02 -0.1627048348454141E+01 -0.6967188794285092E-03 -0.3117795200853136E-01 -0.4093124264095176E+00  0.1523033253749196E-01  0.5087140298540128E+01
      9   0.9519773501837327E-01 :   0.1192270114002948E+00  0.2933942150563528E-02  0.8770763424656809E-02 -0.1292418777340176E-02 -0.2899013125729236E+01  0.6003723524573539E-03 -0.4800985019193368E-01  0.3210304094822800E+00 -0.4251443870042974E-02 -0.1655481685545684E+01
     10   0.2875595335746248E-01 :   0.1196251242418571E+00  0.3535962265560447E-02  0.1729884927035489E-01  0.1180881979003867E-02 -0.1066607688010881E+01  0.3770948518627217E-02 -0.2859716410190928E-01 -0.2932915117376882E+00 -0.2179845459074426E-02 -0.4386981158048793E+01
     11  -0.1581347349605212E-01 :   0.1260577557572923E+00  0.2952616399334899E-01  0.8201815751667358E-02 -0.5389045464787059E-02 -0.1259458029493782E+01  0.3981533063416619E+00 -0.7623602928847645E-01 -0.7811109846059330E+00  0.4753039898064531E-01  0.1768681872572377E+01
     12   0.7723864037354031E-02 :  -0.1219647580408417E+00  0.4854435513533472E-02 -0.1292189197730588E-01  0.2345708691630249E-02 -0.9906020377947428E+01  0.1505530207725618E-03 -0.2108468911773560E-01 -0.3115194560462762E+00  0.1583716924273991E-01 -0.2341359122200041E+01
     13  -0.3378058617460712E-01 :  -0.1382788573229668E+00 -0.2322381237368647E-01  0.1518131774817484E+00 -0.1598238319311007E-01 -0.1557810570686817E+01 -0.1499413140440789E-01 -0.3555213707985953E-01 -0.8353216197267457E+00 -0.1921634606459503E-01  0.3706847623433098E+01
     14   0.1719571482531861E-01 :  -0.1238900107730047E+00 -0.3419382094921416E-02 -0.3795396530240265E-01 -0.1705156529471025E-01 -0.3417988630467775E+01 -0.2372703268003110E-02 -0.2301087019215350E+00 -0.4312968279332073E+00 -0.2219717092435670E-01  0.6491134141313839E+01
     15   0.7738578054882264E-02 :  -0.1192873744515706E+00  0.3424552306067792E-02 -0.1118320293244939E-01 -0.5455252314767267E-02 -0.1848851951011277E+01 -0.4468306952441651E-02  0.1651956607336537E-01 -0.4969453379214214E+00 -0.1397891426787235E-01  0.1248044623825400E+02
     16   0.3092099732977224E-02 :  -0.1182043053339726E+00 -0.3823071232678957E-02 -0.3025006539798390E-01 -0.1974772352261950E-01 -0.1763865938097669E+02 -0.3765141666183747E-03 -0.2061054835889490E-02 -0.3921120693642864E+00 -0.2312473876072742E-01 -0.2658839503972679E+01
     17   0.1478671087107823E-01 :  -0.1211214356563625E+00 -0.6243372949679572E-03 -0.2266385547945493E-01  0.1723936859893379E-01 -0.6010130758532462E+01  0.1611932538698750E-03 -0.1082003757530128E+00 -0.3449245363696339E+00  0.3277206797963024E-02 -0.4380282577195767E+01
     18  -0.7667662763859029E-02 :   0.1164696629239011E+00 -0.1659962915355210E-01  0.2914873150671917E-01 -0.2712523104572978E-01 -0.2034478142387168E+01  0.1331947075027297E-01 -0.5790974230661448E-01  0.1036437325936558E+01 -0.8968907077130622E+00 -0.1459235854511467E+01
     19  -0.7437784897748242E-02 :  -0.1122760536748515E+00 -0.2217001842208078E-01  0.6514259346709690E-01 -0.1366652805955583E+00 -0.2228860162657513E+01  0.2103439521776856E-02 -0.1275024448826164E+00 -0.1614878742588091E+01  0.2250252011315314E+00  0.3299514397333198E+01
     20  -0.2703437659958490E-01 :  -0.1207725625402934E+00 -0.5954194397435273E-02 -0.3134422067048732E-01  0.7302746604376038E-02  0.2229148419130572E+01  0.3566183539055046E-02 -0.1242688384363128E+01 -0.3722115852006081E+00 -0.2654135296519881E-01 -0.1921469341308512E+01
     21   0.1838350956243953E-02 :  -0.1177652319596254E+00 -0.4042967538968423E-02 -0.2445228476962060E-01 -0.3764981091177633E-01 -0.1126920202435672E+02  0.3132915806782168E-03 -0.4466939114544692E+00 -0.3668027877842472E+00 -0.2994218639040963E-01 -0.7620468097749536E+01
     22   0.3495181685311833E-02 :  -0.1533564193386962E+00 -0.1144995088404237E-01 -0.9784451444223127E-01  0.5100930493320294E-01 -0.1366516291250772E+02  0.7267849662385493E-04  0.2580020036489904E-02 -0.4914290121718058E+00 -0.4975245851700880E-01  0.1363618976948871E+01
     23   0.1510617513859523E-02 :  -0.1179397285213164E+00 -0.4061166803675990E-02 -0.8679847523391303E-02  0.7313162887214251E-02  0.2346007225011551E+01 -0.7961851033348525E-03 -0.6469249365199945E-02 -0.3287293929063089E+00 -0.8075037243616872E-02  0.2508992767347532E+02
     24   0.4754798527921546E-01 :   0.1208845273012678E+00 -0.1541837401328799E-02  0.2477694299512500E-01  0.1034895972691316E-01 -0.2490153601065896E+01  0.6282677686949072E-03  0.7591158759670740E-02 -0.3189467931475946E+00  0.1043522533359077E-03  0.9094429917682597E+00
     25  -0.1231931919545779E-01 :   0.1223041532734012E+00 -0.3097208937179972E-02  0.3539678074025775E-01  0.1722120644726087E-02  0.3968821879629066E+01  0.2525578503439107E-03 -0.2668945442005172E+01 -0.3676550675739700E+00 -0.4520951686130910E-02 -0.2979764823170723E+01
     26   0.1177921415124616E+00 :  -0.1193419042811988E+00  0.2962210895310275E-02 -0.2092308107632972E-01  0.4952438647507881E-02 -0.1567837257837946E+01 -0.6559218602683052E-03 -0.2836349571501709E-01 -0.3008689948490096E+00 -0.8823015337135139E-02 -0.2531113256815723E+01
     27   0.2283309221267189E-01 :  -0.1753866768083948E+00 -0.1932304107898576E-01 -0.2314779001280703E+00  0.6860596310343121E-01 -0.1318089064592464E+01 -0.2433174768121290E-01 -0.9400387838450840E-01  0.7219395684859249E+00  0.8899062476696927E-01 -0.1794813622765594E+01
     28   0.6038576767410331E-01 :  -0.3783972851389721E+00 -0.1332419379581012E-01 -0.1223037460245206E-01 -0.9108145678173918E-02 -0.1244436737716027E+01 -0.2316019736788356E-01 -0.2514741904796928E-03 -0.9424295007181813E+00  0.3575268064829237E-03  0.1273818824660897E+00
     29  -0.5194519351208913E-03 :  -0.4264775545774299E+00 -0.8016134778882670E-02 -0.1908023189509197E-01 -0.1027240773344111E-01 -0.4444445176419787E+02 -0.3521541504624448E-05 -0.3217825841580972E-02 -0.1292132726806283E+00  0.1330023165839689E-01  0.1961404804354531E+01
     30   0.6671678979503826E-01 :  -0.1257662107929094E+00 -0.1414224408351464E-01 -0.1216489615661505E-01 -0.1179484482902896E-01 -0.1505845610361002E+01 -0.2242267739671172E-01 -0.7706608394068866E-01 -0.6060742248950783E+00 -0.4436193560058849E-01 -0.3625977028173708E+01
     31   0.3598152839925686E-02 :  -0.1170790389759018E+00  0.3856859166254156E-02 -0.2185584423194275E-01  0.3213751675786398E-01 -0.3901203874609882E+01 -0.4598012307248651E-03 -0.3132983014959492E+00 -0.3211800845020898E+00  0.3133444496361287E-01  0.1174948851320803E+02
     32  -0.3380888880024489E-01 :  -0.3058175350758509E+00 -0.6865301929962593E-02 -0.8570472049735085E-02  0.3155017229504630E-03  0.4878860877309597E+01  0.8276017907954202E-04  0.3156671830438325E-01  0.1188734657863541E+00 -0.2838153918907046E-02 -0.2083178120325453E+01
     33  -0.3988285170544307E-02 :  -0.1350077014177899E+00 -0.3604704183751516E-01  0.1334789267822110E+00 -0.2074241667769199E-01 -0.1674054930310387E+01  0.1508731910483025E+00  0.6620134470055136E-01 -0.1020044585299974E+01  0.3391730680656185E-01  0.1141745084400087E+02
     34   0.5478037466754103E-01 :   0.1247090914461066E+00 -0.6685901259307123E-02  0.4108692996575916E-01 -0.5707227458860682E-02 -0.3684271693866099E+01 -0.2015135680480867E-02  0.1518853720442794E-02 -0.4719965951680593E+00 -0.4783375961286471E-01  0.1266234955959056E+01
     35  -0.4109583944290873E-01 :  -0.2311083482058301E+00 -0.1379618695140035E-01  0.1330940149489130E+00 -0.6984342397269089E-02 -0.2266524042177192E+01  0.2509057583921020E-02 -0.8436875310130537E-01  0.3829435466933707E+00 -0.2474994080889065E-01 -0.1561131315022765E+01
     36  -0.3182745577183449E-01 :  -0.2500031565057914E+00  0.1186129205079306E-01  0.1418997241278600E+00 -0.7229814171475466E-03 -0.1458337429116729E+01 -0.6448217552111209E-02 -0.7603465920544375E-01  0.4280818351712269E+00  0.8637593006345494E-02 -0.3523324711707079E+01
     37   0.3711000495346758E-03 :  -0.1157215873880139E+00 -0.7832131078605744E-02 -0.2563836225910199E-01 -0.2387886105259148E-01  0.1154126839754753E+01  0.4665322763011935E-03 -0.1378776911430207E-01 -0.3400106323458718E+00 -0.8275510701062423E-02  0.4623628214615287E+02
     38   0.3326169239444418E-02 :  -0.1183511972736200E+00 -0.3434282309355455E-02 -0.1557256710956786E-01  0.2728559494456034E-02 -0.1056587826484181E+01 -0.8978052406251451E-03 -0.5869969733963654E-01 -0.3192003658298728E+00  0.5518977162187756E-02 -0.1561843897288417E+02
     39  -0.1064069051667463E+00 :  -0.3023652615386848E+00  0.4072218807786603E-02 -0.6364773052342645E-02  0.4182140045437163E-02  0.1635191656280315E+01 -0.3966544545521020E-05  0.5106737567476209E-01  0.1168779714786677E+00 -0.7569012257589284E-02  0.1384880211099620E+01
     40  -0.6635357822898509E-02 :  -0.3168171575581236E+00 -0.2937564718070777E-02 -0.7741073688294228E-02 -0.2674471954409539E-02  0.1058911641552543E+02 -0.5864395387310318E-04  0.6534696543083463E-03 -0.1144292806747631E+00 -0.1035443310342052E-01 -0.1173722298937463E+01
     41   0.7631756036824789E-02 :  -0.2744123754292914E+00  0.5297331360902861E-01 -0.3282145178063149E+00  0.1833429533316941E+00 -0.1397230089031215E+01  0.2931336933728616E-01 -0.4698922005761523E-01  0.1207270221596107E+01 -0.1008593957509935E+00 -0.3465718368916478E+01
     42  -0.5099856511971885E-02 :  -0.1251850926751437E+00  0.1827072678784752E-01  0.1072000152122789E+00 -0.2431280031199502E-01 -0.6659904138146617E+01 -0.6258423248290684E-02 -0.5326851501462274E-01 -0.9967365568765288E+00  0.2274711552987821E+00 -0.2064848000923031E+01
     43  -0.4138342019719182E-02 :   0.1180907051070069E+00  0.1530885861567118E-01  0.1235903360296053E+00  0.3352507323369522E-03 -0.2330903386635199E+01  0.1235331793780038E+01  0.4372788751307469E-01 -0.1295706640688471E+01 -0.1034387214999032E+00  0.1587870710191482E+01
     44   0.1096776575433518E-01 :  -0.4736615224476427E+00 -0.1606367160451394E-01  0.9321280045458902E-01 -0.2944184955172336E-01 -0.5091270043036307E+01 -0.1667784372536794E-03  0.2957479438435569E-01 -0.2284922997953049E+00 -0.3723595337214255E-03 -0.1280992273625802E+01
     45   0.3219176919778913E-01 :  -0.5123174276177888E+00 -0.3792326822819121E-01  0.8948416809490654E-01 -0.1214302866266584E-01  0.1089935728176104E+01 -0.6027624811061782E-03  0.6110735399105614E-01  0.2279271416698903E+00  0.1088867629150421E-01 -0.1922370430393014E+01
     46   0.1908849219926017E-01 :  -0.1171693650496079E+00  0.1623930623527005E-02 -0.2172135385924619E-01 -0.4746305525594503E-02 -0.7152662001440786E+01 -0.1324630229540962E-02 -0.1554736843463246E-01 -0.5039780217008377E+00 -0.3700929882099930E-01 -0.1805216723088169E+01
     47  -0.1822420948915984E-01 :  -0.2450855998766036E+00  0.1223712105635099E-01  0.1949345256545550E+00  0.9973039230666446E-02 -0.3461479082572726E+01 -0.3868198644713449E-02 -0.2440602967032241E+00  0.4619882782617934E+00  0.3145988278228123E-01 -0.2611362001187159E+01
     48   0.1548256862766074E-01 :  -0.1221619200652285E+00  0.9539926289415680E-03 -0.1944452224759440E-01 -0.9532400272527908E-02 -0.1817090288197180E+01  0.5977407835881269E-03 -0.3342232503559442E-01 -0.2876894605861760E+00 -0.4548441712779730E-02 -0.7783193840716742E+01
     49  -0.2303039135683588E-02 :  -0.2496093749990752E+00 -0.1267772596042097E-02  0.1909383704785136E+00  0.1677244587814265E-01 -0.1120427466518587E+02 -0.1473784968340954E-02  0.5397866438684748E-02 -0.4731091334970663E+00 -0.4515343462852674E-01 -0.1728356565664561E+01
     50   0.8461079234200237E-02 :  -0.5067996824820313E+00 -0.2478077593242345E-01  0.7416705960514576E-01 -0.5181354706427440E-02 -0.2449390884507278E+01 -0.2136894991874459E-02 -0.2078603653354453E+00 -0.2326429505668945E+00  0.5239004944226945E-03 -0.6542481530715556E+01
     51   0.1148246736046933E-01 :   0.1872147034059279E+00  0.2224115055875625E-01  0.1126095032767376E+00 -0.2533143802423408E-01  0.2244421525417526E+01  0.2674375134201807E-02  0.1807164617062501E+00  0.5009795979149032E+00  0.5812402361151197E-02  0.6328235450594374E+01
     52  -0.4436902356711635E-03 :  -0.1293422584888811E+00 -0.1054415295773376E+00  0.1768131245425082E+00 -0.3656730652038580E-01 -0.1524482942055346E+01  0.6515494917119052E-01 -0.1148211040972017E+00 -0.1140406635589532E+01  0.2224653610232563E-01  0.3060457924511491E+02
     53  -0.1117886365387100E-03 :   0.3361596800077195E+00 -0.8154154699883594E-02  0.7262383886817264E-02  0.1557526895537267E-01 -0.7909635879400756E+02  0.3163549795025626E-04  0.2799423548512060E-02  0.1161697066964823E+00 -0.3062516164721158E-01  0.1239787306709008E+01
     54  -0.5506611696161973E-02 :  -0.1179385305555733E+00  0.7722022488503618E-02  0.1185619591028721E+00 -0.7566104544588768E-01 -0.1239572931932811E+01  0.3702730216280178E-01 -0.8920934356754075E-01 -0.1724224259940352E+01  0.1058430848793619E+00  0.6091755109236423E+01
     55   0.1688578555170544E-02 :  -0.1291055693211973E+01 -0.5071546846665036E-01 -0.1385297071208382E-03 -0.2457754378059300E-03 -0.2495563039566791E+02  0.9670145929052320E-05 -0.8555366967466045E-04 -0.1216706337011594E+00 -0.9093510632501852E-02 -0.3444230610496727E+00
     56  -0.4481463446469877E-02 :  -0.1067893949954017E+01  0.9364312852416631E+00  0.3768598865114580E-02  0.2788252158981132E+00 -0.1362468458547405E+01  0.2161469500367573E-01 -0.3631254886094558E-01 -0.3433200041869310E+00  0.5059917077609298E-01  0.1903943918907008E+01
     57  -0.3210139219402943E-01 :  -0.2775456884118407E+00 -0.8169462778305228E-02 -0.5496845932542996E-02 -0.3218638870834359E-02 -0.8429832777639397E+00 -0.5297818454982128E-05 -0.3277222478239119E-01  0.1140430435914125E+00  0.7569622256046652E-02 -0.1612543763458296E+01
     58  -0.3726221794529962E-03 :  -0.3217884182828643E+00  0.2857238045203744E-01 -0.1233961215121527E-01  0.2709726325676833E-01 -0.3299849697019942E+02 -0.1029727088321698E-05 -0.4837932544767298E-01 -0.1219755782543529E+00  0.1965862011716296E-01  0.5049805201842922E+01
     59  -0.2146660928130451E-02 :   0.1197390190747598E+00  0.1150598007817423E-01  0.3003022548269060E-01  0.3891423417879121E-03 -0.7696313950690744E+01 -0.7847470294205659E-03  0.5540828186180930E+01  0.3621337692174395E+00  0.1981469500129514E-01  0.4942319142900689E+01
     60  -0.5352216728352685E-02 :  -0.1269221636933359E+00  0.3936805900547506E-02  0.1617834500244010E+00 -0.7544374136686315E-01 -0.3587379141540621E+01  0.5652837858533116E-01 -0.3816828018152563E+00 -0.1406348506792707E+01  0.4654872483617142E-02  0.5973837270288513E+01
     61   0.1034247238213232E-02 :  -0.1380938755055108E+00 -0.7418219139249364E-02 -0.1039440629013951E+00  0.7198868787391154E-02 -0.1410264949896087E+01 -0.2706036872677622E-01 -0.7667694019024779E-01 -0.5396298865365721E+00  0.1092280540301549E-02  0.2777611247349690E+02
     62   0.2049336697964518E-03 :  -0.1210087322374542E+00 -0.1153005639241890E-01 -0.4937167300462744E-01  0.1124447891471032E-01  0.3381589274674528E+01  0.7721040338034325E-04  0.8526510760606833E-01 -0.3675726334077854E+00  0.6575875908599890E-02  0.5865436219716442E+02
     63   0.2853000418898799E-02 :  -0.4853068730074472E+00 -0.6505084049417359E-01  0.1137660409769142E+00  0.8049352273647555E-02 -0.9884928801731879E+00  0.5667859273746162E-02  0.5615784631135612E-01 -0.2093936249738960E+00  0.6456441790826274E-02 -0.7795418027175579E+01
     64  -0.8016758930744373E-02 :   0.1139560440957682E+00 -0.1342202362992427E-01  0.9237842755271464E-01 -0.6383316814450202E-01 -0.1520004762788258E+01  0.5267301407526777E+00 -0.1033872847835785E+00  0.8896452401821680E+00  0.9674431281455797E-02  0.3917093165484319E+01
     65  -0.6270647803490403E-01 :   0.3850853512075222E+00 -0.1091070942442081E-01  0.3118237884064793E-01 -0.7234940828634248E-02 -0.2162379126853997E+01 -0.7593835279819805E-03 -0.6377450587556267E-01 -0.1935565492655498E+00 -0.2292042564176876E-01 -0.1516198325698402E+01
     66  -0.1292000763374504E-02 :  -0.1479912301325156E+00  0.4854189822407463E-02  0.1294841559924968E+00 -0.1035434812083897E+00 -0.1123259847998779E+02  0.1759103068947618E-01 -0.1802283439003605E+00 -0.1240011890295393E+01  0.8949250667545586E-01 -0.3815612837179887E+01
     67   0.3851772337038527E-01 :  -0.1208348324297173E+00 -0.8621018155059772E-02 -0.3944609679127452E-01  0.1527629140165413E-01 -0.8547167582086671E+00 -0.2202044929409480E-01  0.2103005489761099E-01 -0.4177451534129982E+00 -0.4496485483372657E-02 -0.3066333018814315E+01
     68  -0.1701295113409220E-01 :  -0.1940292944429209E+00  0.1568329104549434E-01  0.1111222364696168E+00 -0.2209729733548751E+00 -0.3262795375283116E+01 -0.2446914618179580E+00 -0.2858667525618521E-02 -0.2163606040321435E+01 -0.1173462572124119E-01  0.8530690461785840E+00
     69  -0.1230542463896455E-01 :  -0.1307086107308932E+00 -0.3274173790174649E-01  0.1816959054357139E+00 -0.1240120825803331E+00  0.1180832421496091E+01 -0.1462498195408654E-01  0.1104324968988640E+00 -0.1400576156880085E+01  0.1471879927315381E+00 -0.2329990934062096E+01
     70  -0.2178414054443601E-01 :   0.1393710468598232E+00 -0.1578617271709868E-01 -0.7274146064088602E-01  0.4983233475916986E-01 -0.3295660914683566E+01  0.4238083457855669E-01 -0.1918607635356869E+00 -0.1010153027495899E+01  0.4151664935704003E-01 -0.2313228634037256E+01
     71  -0.2414732827341257E-02 :  -0.3563010076292615E+00 -0.3420724225293393E-02  0.2786794616337727E-01 -0.7026888656108307E-01 -0.2948513822200454E+01 -0.4320211695681050E+00  0.1511983519819731E+00 -0.5421688522516110E+01  0.2975069521668309E-01  0.1389300246897523E+01
     72   0.1480018805349223E-02 :  -0.4615385732038591E+00 -0.4068094479088002E-01  0.9236709118938141E-01 -0.1977169328980985E-01 -0.1830972051887646E+01 -0.1643717926459034E-02  0.6066598997305531E-01 -0.2353170536541077E+00 -0.9460969744989573E-02 -0.1606978816357758E+02
     73   0.6626519915308315E-03 :  -0.1338505268738658E+00 -0.3800955201516234E-03 -0.1155320418100687E+00 -0.2534710953531822E-01 -0.5970320712474662E+01 -0.2479801474397950E-02 -0.6688701430229900E+00 -0.4286707405428539E+00 -0.3100002679547587E-01  0.2010696788696931E+02
     74   0.1404746902090020E-02 :  -0.2612156383467649E+00  0.6178640457892950E-01 -0.2677109698601883E+00  0.6912865560080257E-01 -0.1623619786873342E+01  0.1196514023361989E+00  0.1425009232983759E+00 -0.1083544152605244E+01  0.4278759585810561E-02 -0.1174817679996571E+02
     75  -0.3032989412217554E-03 :  -0.2496662098330577E+00  0.3230449052644954E-02  0.2874652293341265E+00 -0.3535839238330699E-01 -0.2961711442579545E+02  0.3457619164363933E-03 -0.6438893459437993E-02 -0.4228317530447904E+00  0.1487114398963101E-01 -0.1582204982831557E+01
     76  -0.1527918182982763E-01 :  -0.1655537843653606E+00  0.1750021098774867E-01  0.2394004849222405E+00 -0.1376291794382055E+00  0.1851188975574084E+01 -0.2977945206863869E-02  0.8163295956982236E-01  0.9100013207063113E+00  0.8219364200103517E-01 -0.1324009652150606E+01
     77   0.2986939807825629E-02 :  -0.4646429169286494E+00  0.1370573938129722E-01  0.9796193541637897E-01  0.2381145896691339E-01 -0.7805369466867679E+01  0.6436987752798766E-03 -0.3130164552409010E+00  0.2206413940111578E+00  0.4650946291241421E-02 -0.3913634920746393E+01
     78  -0.1224077252993759E-01 :  -0.2467501560377972E+00  0.1590490548382124E-01  0.1866858726291777E+00  0.4086596698153459E-02 -0.1338188784912942E+01 -0.6125596002817718E-02 -0.6350644886687834E-02  0.4038652023621849E+00  0.9227768334329464E-02 -0.9448356272345977E+00
     79   0.3778595898428329E-01 :  -0.1962411930858021E+00 -0.1629625656006757E-02 -0.6967326891034606E-01 -0.1449822833036271E-01 -0.1418217710911687E+01  0.4226944854476227E-02 -0.5603331464373712E-01 -0.3901577587740195E+00  0.1289679040667315E-01 -0.3503057161437388E+01
     80  -0.4810660991126056E-02 :   0.5095223402515447E+00  0.4612028695814220E-02  0.2339251294837411E-01 -0.4343679366971426E-01 -0.9063134447728672E+01  0.3967594036124430E-04 -0.1911478816549362E+00 -0.1598039682717049E+00  0.1869039441266470E-02  0.3676614216846406E+01
     81  -0.4317651987472173E-03 :   0.1216792136421022E+00 -0.1398227761044172E-01  0.3515497856253372E-01  0.6177399989256279E-02 -0.1529902260156253E+02  0.8021312209711143E-04  0.1496157772726998E+02  0.3428819214282853E+00 -0.6389385277645906E-04  0.3499246791859656E+01
     82  -0.1337179716781046E-01 :  -0.1170800315652744E+00  0.1079166658348110E-02  0.3887559333898446E-01 -0.6957420036366493E-01  0.7940474533683110E+00  0.4476510120915521E-02  0.5421489656140166E-01 -0.1240526795548629E+01 -0.4833819836279955E-01  0.6110569438176136E+00
     83  -0.7094606353385431E-03 :   0.1065289064520629E+00 -0.6320581788025607E-01 -0.1149505770679373E-01  0.5149083491257107E-01  0.2872101673632865E+01  0.5645570719021416E-01  0.9455674163530009E-01 -0.1741165002957790E+01  0.9995103916379812E-02  0.1536001333136690E+02
     84  -0.1091448962798619E-01 :  -0.1127305552424315E+00 -0.2922063041575867E-02  0.1330381167337045E-01 -0.2012034589993313E-01 -0.4494350024844274E+01 -0.8123175122597493E-02 -0.6777587322022941E-03 -0.1077695050851282E+01  0.2808674269251449E-02 -0.2703369110595570E+00
     85  -0.1030860270754059E-02 :  -0.1224289711112979E+00 -0.1798025938944153E-01 -0.2399419109136609E+00  0.2844297649539718E+00 -0.5559225770463036E+01  0.4740948775132430E+01  0.5041745500911900E-01 -0.2448906171173887E+01  0.1251317212463269E+00  0.1432027614026199E+01
     86  -0.1093459995943818E-01 :  -0.3684324083846363E+00  0.6961141885703826E-02 -0.4779470628445229E-01  0.2230417588409818E-01  0.5694558648150594E+01 -0.7270390157196261E-04 -0.1253073640617841E-01 -0.1925941901509517E+00 -0.1649148910079566E-01 -0.1463049965383065E+01
     87   0.1257864425597881E-01 :   0.5349381759635886E+00  0.6912525355614688E-01 -0.8991565958680749E-01  0.1389962250737087E+00  0.2169824577114924E+01 -0.5606241150428703E-03 -0.1272068004421691E-01  0.3133395807324267E+00  0.1504912599860768E-01  0.1419049180481028E+01
     88  -0.4408065819393849E-04 :   0.3738917123606256E+00  0.1673128973136145E-01  0.1459185255783786E-01  0.3250517050499301E-02 -0.1434428056918331E+03 -0.3349564671024760E-05 -0.1645632725244909E-03 -0.1189540257858863E+00 -0.5574992707182056E-03  0.2774585887077147E+01
     89   0.7097123518781675E-04 :  -0.1252585649835435E+00 -0.1693667947034734E-01 -0.5772014007264567E-01  0.6831558860472053E-02 -0.1530767911925504E+01 -0.5544137448320116E-02 -0.1372851388437593E+00 -0.3692252314103977E+00 -0.5463769195665852E-03  0.1107322860551953E+03
     90   0.2551080578165339E-01 :   0.1974436092216799E+00  0.1325406416148340E-01  0.9085305953911460E-01 -0.2506023156776192E-02  0.1024232004512665E+01 -0.7732990966193763E-02  0.4124853477484599E-01  0.3527415377013173E+00 -0.2385375783215614E-01  0.1633969686600966E+01
     91  -0.6037868104490618E-02 :   0.1933593043701060E+00  0.2746511310045100E-01 -0.4306217731166526E-01  0.1500551317852902E+00  0.2707200528648793E+01 -0.1362106460792687E-02  0.9167559408640888E-04  0.7431331026998165E+00 -0.9075914032669619E-03 -0.6074798904834885E+00
     92  -0.6952033377623088E-04 :  -0.1225080957410497E+00 -0.1839124181827820E-01 -0.5719320195740784E-01  0.2360168061637420E-01 -0.3452293249769149E+02 -0.2522148127738202E-03  0.3402408097611306E+02  0.3755352111850053E+00  0.4532469114700170E-01  0.5647662193000574E+01
     93  -0.1220588987475422E-02 :  -0.1230814765030446E+00 -0.4944625120698918E-02 -0.8599706182905620E-01 -0.3014245978888077E-03  0.6941829210979529E+01  0.1596915168359111E-02 -0.6593867151966642E+01 -0.4177310341603314E+00 -0.4724814001963714E-01 -0.2237317522928540E+01
     94  -0.8983426822560693E-03 :  -0.1152318134501820E+00  0.2916474060248785E-01 -0.1715369614898389E+00  0.2791511387453580E-01 -0.3386408870069401E+01  0.2900690035491653E+01 -0.3721512662273716E-01 -0.1068836646803487E+01 -0.2003598294459123E+00  0.3101893867544353E+01
     95   0.1947372106140439E-02 :   0.1728412417485740E+00 -0.6197114852920165E-02  0.2026564848569745E+00 -0.1091170965580436E+00 -0.5967956315302565E+01 -0.1481602542989521E-01  0.1601777574258674E-01 -0.9341749310002563E+00 -0.1210625642908594E+00  0.1043063515088589E+01
     96  -0.1252387631670557E-01 :  -0.3421895686382259E+00 -0.1270476225928192E-01 -0.5130351375940044E-01 -0.1473953383795493E-01 -0.3515383339643577E+01 -0.1138257718980230E-02 -0.1347238636327327E+00 -0.1944774849233078E+00 -0.6639627293098737E-02 -0.2900587776384496E+01
     97  -0.1775298315020112E-02 :  -0.3343037796607480E+00  0.1752875876068236E-01 -0.5062449890633413E-01  0.3383255685123670E-02 -0.1909036762122345E+01 -0.1925062926127269E-02  0.5403340807949535E-01 -0.2069573396583538E+00 -0.1165385491741286E-01  0.1430285596826791E+02
     98   0.7727043721398283E-02 :   0.1065558019495204E+00  0.1357045737375463E-01  0.7558803064796677E-02  0.5460748254727572E-01  0.3070386686733742E+01 -0.2276577535463068E-03  0.2327532488018129E+00  0.2364166511067828E+00 -0.4608039191455165E-02  0.3781789038030352E+01
     99   0.8243928073465570E-03 :   0.2388938957483879E+00 -0.2028715084097246E-01  0.3513750145611566E+00 -0.2051981137091090E+00 -0.1000020553842534E+02  0.9419292284565749E-02 -0.1283070643080241E+00 -0.1126677102036615E+01  0.1079937046535421E+00  0.3138350903082187E+01
    100   0.1042194201900363E-04 :  -0.1203633894818848E+00  0.6245698030814613E-02 -0.3476612102796590E-01 -0.3482680845836685E-02 -0.1816894020749956E+01 -0.2454824959111970E-02  0.1772070606726842E-01 -0.3484916919773500E+00  0.2097779334022125E-02  0.3026702892839573E+03
