 BASIS_TYPE RG_1P
 PARTICLES      3
 MASSES  0.7294299541700000E+04  0.1000000000000000E+01  0.1000000000000000E+01
 CHARGES  0.2000000000000000E+01 -0.1000000000000000E+01 -0.1000000000000000E+01
 SYMMETRY (1+P23)
 BASIS_SIZE     10
 CURRENT_ENERGY -0.2121708282198084E+01
 WHICH_EIGENVALUE      1
 EIGVAL_TOLERANCE  0.1000000000000000E-11
 INVITPARAMETER  0.1000001000000000E+01
 LAST_EIGVAL_TOL  0.9754715412069969E-13
 BEST_EIGVAL_TOL  0.1000000000000000E+01
 WORST_EIGVAL_TOL  0.3026863136253363E-11
 GENERATOR_PARAM  0.7000000000000000E+00  0.1000000000000000E+01  0.3000000000000000E+01
 ==============================
     10 -0.2121708282198084E+01     10      0    331
 ==============================
 EXPC_VALS I 10
 ==============================
      1 -0.1255335121347173E+01      0      0      0
      2 -0.1921200787175986E+01      0      0      0
      3 -0.2043531309716723E+01      0      0      0
      4 -0.2091751494612042E+01      0      0      0
      5 -0.2113922000259532E+01     10      0    131
      6 -0.2115331635598219E+01      0      0      0
      7 -0.2116501548589349E+01      0      0      0
      8 -0.2117822364971854E+01      0      0      0
      9 -0.2118323001136414E+01      0      0      0
     10 -0.2121708282198084E+01     10      0    331
 ==============================
      1      1 -0.1658283292559615E+00 -0.2581659039135704E-02  0.5930664473172798E+00
      2      1 -0.3371511582995029E+00 -0.1683221747642703E-01  0.1394682076464726E+01
      3      1 -0.3256830670396673E+00 -0.7132632415593938E-02  0.7692673076402804E+01
      4      1 -0.1723354913339067E+00 -0.8113347273709084E-03  0.2094834061895532E+01
      5      1 -0.3484412964742849E+00 -0.8318577879477144E-02  0.2984684229419317E+01
      6      1 -0.7488702824827497E+00 -0.2433905727934239E+00  0.7690696611107105E+00
      7      1 -0.1777144788992664E+00 -0.2983190142868113E-03  0.1426273619573561E+02
      8      1 -0.3089436337062231E+00 -0.2957018918104104E-01 -0.7099615559328776E+00
      9      1 -0.1704578489957123E+00 -0.7667894245020272E-04  0.4630350727110383E+01
     10      1  0.1698829615260753E+00 -0.4679860578350110E-03 -0.1075750601827428E+01
