 RG_2D WAVE FUNCTION FILE
 PARTICLES      4
 MASSES  0.1278639227775000E+05  0.1000000000000000E+01  0.1000000000000000E+01  0.1000000000000000E+01
 CHARGES  0.3000000000000000E+01 -0.1000000000000000E+01 -0.1000000000000000E+01 -0.1000000000000000E+01
 SYMMETRY (1+P23)(1-P24)
 BASIS_SIZE    100
 CURRENT_ENERGY -0.7310422234058340E+01
 ==============================
      1  -0.6188070463751363E-01 :      3      3   0.1236250822636470E+01  0.7213210055489463E-01  0.2644324896945403E-04 -0.2198766027858729E+01  0.1150360963345861E-06 -0.1444892524453212E+00
      2   0.5437645606887803E-05 :      3      3  -0.5684389959015566E+00  0.7022563635652961E+00 -0.7770709517969888E+01 -0.1702574631708978E+02 -0.1053976298843655E+00 -0.6251100636410292E+01
      3   0.1350561429626471E+00 :      3      3   0.1274034218296964E+01  0.7147020772936986E-01  0.8842680929218519E-05 -0.2097158274871907E+01 -0.1172726706522230E-05  0.5687954052361766E-01
      4  -0.8283874805742822E-01 :      3      3   0.1829672581472209E+01  0.3483437522214638E-01  0.1193563049968676E-04 -0.1448381105920358E+01 -0.7180837576429079E-04 -0.1439252025328220E+00
      5  -0.2753053782346742E-01 :      3      3   0.9703594412697173E+00  0.6997259278957134E-02  0.2326752243331857E-04 -0.3762349502174663E+01 -0.1446084726090024E-05 -0.1421899141399363E+00
      6   0.1746848083678856E-01 :      3      3   0.1016888095451903E+01 -0.3321427431274853E-01  0.2354699527074847E-04 -0.5316401886317885E+01 -0.2504425036651212E-05 -0.5706663083446564E-01
      7  -0.7620507725124019E-01 :      3      3   0.1457943158445373E+01  0.1510525271183150E-01  0.2856542908242112E-04 -0.7893528199446426E+00  0.1682495268139600E-04 -0.1432359853076278E+00
      8  -0.8769147747961980E-02 :      3      3   0.6639540714317600E+01 -0.3341180661735411E-02 -0.7780936974856682E-05 -0.9619715859800660E+00  0.3174089812729398E-04  0.1406136915123033E+00
      9   0.2118664628937880E+00 :      3      3   0.1001699393001042E+01  0.2552610825662185E-01  0.1381177902715959E-05 -0.1300540926763357E+01 -0.1406530397272386E-06 -0.5683264934413366E-01
     10  -0.3909051237470156E-01 :      3      3  -0.2143408563129441E+01 -0.3498847555221062E+00  0.5216912848677792E-05 -0.2829164501728411E+01  0.4006160246716761E-04  0.1461572809428718E+00
     11   0.1263508943340778E-01 :      3      3   0.7304988022641503E+01 -0.1466686510775944E-02 -0.1165897234396404E-05 -0.9682079108733908E+00 -0.1158729681637524E-04  0.5722448733233079E-01
     12   0.8967326619852584E-01 :      3      3   0.2689644240594894E+01  0.1397133616233617E-01 -0.1515670923060088E-05  0.9774170424231967E+00  0.2726416869670812E-05 -0.5710221162047595E-01
     13   0.5424794943106274E-01 :      3      3   0.1761144983851716E+01  0.2961210672347577E+00  0.8238270713579359E-05 -0.3445033941618790E+01 -0.3751864218232840E-05  0.5664131562165286E-01
     14  -0.4786145332803522E-01 :      3      3  -0.2624523187766740E+01 -0.1492974026983252E-01  0.1061084117830146E-04  0.9512275073190897E+00 -0.1667453191590858E-03  0.1420792571015032E+00
     15  -0.2777087059880091E-01 :      3      3   0.3850034247368930E+01  0.4743551472678843E-01 -0.4568670555344709E-05 -0.1632279477362621E+01 -0.2898283665438143E-04 -0.1450705179184706E+00
     16   0.1600625094716102E+00 :      3      3   0.1463580635877798E+01  0.1678563211352662E-01  0.8041991781876324E-05 -0.8116659630767590E+00 -0.2015709914535921E-04 -0.5692736482927822E-01
     17   0.4556399552626972E-02 :      3      3   0.1194406763942924E+02  0.5707025910158790E-02  0.1278296364918493E-05 -0.1548323403424655E+01 -0.5795657036470404E-06  0.5704156768094653E-01
     18   0.3917563531011962E-01 :      3      3  -0.4364041811878074E+01 -0.2917264969440435E-01 -0.1268388893355381E-05 -0.1460919337435169E+01 -0.7079722149148550E-05  0.5694934371004971E-01
     19   0.1286498118191122E-01 :      3      3   0.1593748661725492E+01  0.8518239538298729E-01 -0.3250205703667333E-05 -0.7024714852772286E+01  0.5120604343336351E-06 -0.5694437756328582E-01
     20  -0.1055696250777914E-01 :      3      3  -0.1541534843739360E+01 -0.7365131696960113E-01 -0.3163812505452809E-04 -0.6189704751751944E+01  0.1096428758636263E-05 -0.1425617929218919E+00
     21   0.1632657930210766E-02 :      3      3  -0.1383617015442447E+01 -0.2406095301799023E-01  0.2706076366790267E-05  0.1974430544967765E+02 -0.3575610286407813E-06 -0.5733111001278100E-01
     22  -0.2742891233971107E-02 :      3      3  -0.8631875271345861E+00  0.1287219381495783E-01 -0.5697388054311146E-04  0.1095361099175187E+02 -0.1569096538501094E-05 -0.1425587275335179E+00
     23   0.8941887046739169E-02 :      3      3   0.6579790478926054E+01  0.1023945740267043E+00 -0.3210225357694270E-06 -0.2687911399229167E+01 -0.2782589933357453E-05  0.5680910460202347E-01
     24  -0.6618332959081990E-02 :      3      3  -0.3385434789759877E+01 -0.2298176315845591E+00  0.5271749182485975E-04  0.4368918235895778E+01  0.2226561388214484E-04 -0.1453248496301326E+00
     25  -0.4200598530504627E-02 :      3      3   0.6746946465133135E+01  0.1116990397686789E+00  0.1122649479820671E-04 -0.2707149008847805E+01  0.8679285297708694E-07  0.1451799680166830E+00
     26   0.1970616376586875E-01 :      3      3   0.4240854338004650E+01 -0.3740134428568508E-02  0.4456228557941973E-05  0.7042155687616857E+00  0.3628799805897056E-04 -0.5695504183527832E-01
     27   0.1322187632240879E-01 :      3      3   0.3377898677096371E+01  0.2495947146890356E+00  0.4596472858845742E-05 -0.4557969558154499E+01 -0.1432507689245085E-05  0.5700609954385313E-01
     28   0.6200537429882482E-01 :      3      3   0.2694797485931838E+01  0.1022211192521816E+00 -0.2739900884058308E-06 -0.2170129722014512E+01  0.2597122780773597E-05 -0.5679213689702158E-01
     29   0.6736280075985510E-03 :      3      3   0.1748146174389172E+02  0.7536405370457426E-01 -0.1723896288926756E-05 -0.3946018572411162E+01 -0.1250057939685128E-05 -0.5693459352920979E-01
     30  -0.1044622482146629E+00 :      3      3   0.1004156660617653E+01  0.4936207560981742E-01 -0.3473670910160206E-04 -0.1294660043875904E+01  0.1269709099480824E-04  0.1429497108550283E+00
     31   0.6841531573230325E-01 :      3      3   0.6813635433206610E+00  0.9801547770136674E-02  0.4544468985111523E-04 -0.2112161476704723E+01 -0.6611804942939704E-05  0.5732093120124954E-01
     32   0.5163839268382525E-02 :      3      3   0.8384929161184950E+00  0.1361368906767952E-01  0.2488141906105232E-04 -0.1092908596910063E+02  0.3482095866861077E-06 -0.5704315426298224E-01
     33   0.1600094049532506E+00 :      3      3   0.1823296984671059E+01  0.4283483522629046E-01  0.5769630173017710E-05 -0.1389338594184780E+01 -0.1283235605905565E-04 -0.5708224593756848E-01
     34  -0.1876091517338954E-01 :      3      3   0.2460167681646598E+01 -0.1519773143758339E+01  0.1009188560961077E-04 -0.1810041746372070E+01 -0.1260537447974780E-04  0.5687647734844086E-01
     35  -0.2619008103395358E-02 :      3      3   0.1189439787660470E+02  0.4236083851333231E-02  0.7941302959236221E-06 -0.1472269295359419E+01  0.7392787537245073E-04  0.1446450478756971E+00
     36   0.1663361856502413E-01 :      3      3   0.1686003530506978E+01 -0.9288922553968159E+00  0.6143677988375602E-04 -0.1346382956870962E+01 -0.1137820519155249E-03  0.1491488514527419E+00
     37  -0.7164461707918522E-02 :      3      3  -0.1796541862010237E+01 -0.1285346106696342E+01 -0.3789695508036413E-04 -0.3387884270323175E+01 -0.4243756347503183E-05  0.5463070991661602E-01
     38   0.2255142053950714E-02 :      3      3   0.2576038737330710E+01  0.1421705110505860E+00  0.6651716092428449E-05 -0.1187736437095899E+02 -0.1446974864643365E-05 -0.5644367248453765E-01
     39   0.7876428904738806E-02 :      3      3   0.2174435017222961E+01  0.1073419752099379E+01 -0.1154733978344043E-03 -0.2846710052701543E+01  0.8955896946531496E-04  0.1572311790710981E+00
     40  -0.5989758674580183E-02 :      3      3  -0.3858792220017687E+01  0.2916623622426472E+01  0.1534633189891427E-05  0.2744168597475062E+01 -0.5240935907160850E-05  0.5695365295085405E-01
     41   0.6343785503371870E-02 :      3      3   0.3054559042147332E+01 -0.2108010530178626E+01 -0.6167452842213295E-04 -0.2173140337962917E+01  0.7295455691007874E-04  0.1419275367783172E+00
     42  -0.6532348166835805E-03 :      3      3   0.1343040002493415E+01  0.4094067507453318E-01 -0.1544419139292967E-03 -0.2217243782340326E+02  0.2202427420161238E-05 -0.1368787368234461E+00
     43  -0.2306434214686401E-01 :      3      3   0.9079197897724401E+00  0.4423094041953999E-01  0.3367457149372905E-02 -0.1890066037741408E+01 -0.4631466535809592E-03  0.2438822259113529E+00
     44   0.6522483644579836E-01 :      3      3   0.7637475981333192E+00  0.4846791089088418E-01  0.5752248734728281E-04 -0.8638345866740595E+00 -0.2744156818353538E-04  0.5709620458519102E-01
     45  -0.1078451827347931E-01 :      3      3   0.2698547999985924E+01 -0.2655867887182643E-02  0.2326813981576559E-03 -0.8200366988722596E+00 -0.6930772410041702E-02 -0.2615147892424082E+00
     46  -0.3461248607725774E-01 :      3      3   0.6485260893419484E+00 -0.1056364514922896E-01 -0.8204845311490936E-04 -0.2117934512696109E+01  0.2345857682956248E-04 -0.1419349752979457E+00
     47   0.3429280435361629E-03 :      3      3  -0.7410811589447009E+00 -0.2299097488737458E-01 -0.3838218646090595E-04  0.3308533578535093E+02  0.8461186841977421E-06 -0.5647941379640858E-01
     48  -0.3524086441203698E-01 :      3      3   0.6687844281174539E+00  0.3529024841059589E-01  0.2013012426374338E-03 -0.9939037321523647E+00 -0.2492869132912815E-04  0.1477258461846316E+00
     49  -0.1073312773799305E-01 :      3      3   0.1366518960490497E+01  0.1136215746810296E+00  0.7445782882916969E-04 -0.3342717548618593E+01 -0.2741548414521781E-03 -0.2392724637731253E+00
     50  -0.9421143787143125E-02 :      3      3   0.3976496451285752E+01 -0.2698410545031222E-02  0.1802124339796446E-04  0.6451625646856166E+00  0.1180809431812521E-03  0.1455759718406141E+00
     51  -0.5564789598844846E-02 :      3      3   0.4934299302664916E+01  0.2827927871106492E-02  0.1181395066954783E-03  0.1187729037572014E+01  0.1342055639811976E-02  0.2424992691439302E+00
     52   0.1381451703879727E-02 :      3      3   0.1926035218806762E+02  0.1053137394155711E-03 -0.2545012699696391E-06 -0.8293108940954239E+00 -0.1386004119251993E-04 -0.5713521921747969E-01
     53  -0.2322757484727252E-03 :      3      3   0.3937702588894664E+02  0.1185508897112352E-02 -0.7974950227970958E-05 -0.1394722609826802E+01 -0.8937689857682202E-04 -0.1460864864161141E+00
     54   0.5147843663983453E-01 :      3      3  -0.9258748934664036E+00 -0.7745726187869443E-02 -0.6543333714181002E-05 -0.3318483494322615E+01  0.1875460380151187E-05  0.5693148582431021E-01
     55  -0.3220325424840311E-01 :      3      3   0.1422073719850125E+01 -0.7166904412622993E+00  0.2673414935476707E-05 -0.1263664899045931E+01 -0.1289680811901223E-04  0.5651984093337702E-01
     56  -0.1402550175266771E-02 :      3      3   0.2432153479476333E+01  0.1358667637850412E+00 -0.2886729963966046E-04 -0.1229881907162869E+02 -0.5569593164661425E-05 -0.1518454498464655E+00
     57  -0.3250751277402441E-01 :      3      3   0.1505597039935897E+01  0.6113213062740726E-01  0.4993684676380137E-03 -0.1168274338926973E+01 -0.1137133388772573E-02 -0.2455464447894875E+00
     58  -0.1415498506030096E-01 :      3      3   0.2445093683558713E+01  0.1446000219033336E+00  0.5722252043779207E-03 -0.1909582222873122E+01 -0.3555954882118931E-03 -0.2556221375723332E+00
     59   0.4987394797805449E-03 :      3      3   0.3315329237579727E+02  0.2324585688206776E-02  0.3490435100189206E-07  0.1659872531819006E+01  0.6251318292910731E-05 -0.5689533068587071E-01
     60  -0.1951421940700562E-02 :      3      3   0.1279744500715386E+01 -0.3326341789078283E-01  0.1205361883530577E-02 -0.7995009199455511E+01 -0.4263157786663867E-04 -0.2489250748707206E+00
     61   0.1156788219494536E-02 :      3      3   0.6548309243506626E+01  0.7505166994051589E+00 -0.5229118491825900E-05 -0.8463843644247696E+01 -0.2758097323341355E-05  0.5608444798643419E-01
     62  -0.3455720323252189E-03 :      3      3   0.1974538240169432E+02  0.6381491863603091E-01 -0.3544550744693750E-05 -0.3734869624452084E+01 -0.2885557816185589E-04  0.1450409110015436E+00
     63   0.1403828833230555E-02 :      3      3  -0.5515376381643265E+01  0.4224288359496808E+01 -0.1251479686967404E-04 -0.3593560764741947E+01 -0.4896116340507016E-04  0.1633791857414094E+00
     64  -0.4459221378389376E-04 :      3      3  -0.1452572870063841E+01 -0.3258222691601259E-01  0.6100398548598099E-04  0.8321170367999741E+02  0.2724069186636481E-05 -0.1451587045778173E+00
     65  -0.3222533695047849E-03 :      3      3  -0.1525559632844316E+02  0.1503533955033472E+02 -0.1333652637010040E-05  0.3110765171674712E+01  0.1950622841949720E-05  0.5679098706138189E-01
     66   0.1256789152503372E-03 :      3      3  -0.1489000769294540E+01 -0.3141845671379868E-01 -0.1721223579774475E-05  0.6261981572742283E+02 -0.3147112672172658E-06  0.5737256882184204E-01
     67   0.2394215419448457E-01 :      3      3   0.9863276883465609E+00  0.6807947885616981E-02 -0.2738709871073377E-04 -0.5413944330841277E+00 -0.4305741588735728E-04  0.5751223850847419E-01
     68   0.2120420737109526E-01 :      3      3   0.2274562743190046E+01 -0.6121157016532952E-02 -0.1764928389949713E-05  0.5499021028144212E+00  0.7121564539727690E-04  0.5613831880210762E-01
     69  -0.3707375696116053E-02 :      3      3   0.6215594336548906E+00  0.4704976596440412E-01 -0.5087562610941806E-04 -0.5899143651777210E+01 -0.1519582488089462E-04 -0.1512102224387995E+00
     70  -0.6927189476558723E-03 :      3      3   0.1897591692576270E+02  0.7947173375728958E-03  0.1946334124170199E-05 -0.7449332453917836E+00  0.1417451950983486E-03  0.1439141106003054E+00
     71  -0.2609457229451148E-02 :      3      3   0.2967383868709211E+01  0.4215274453771942E+00  0.5852136710727949E-03 -0.4619225588152206E+01 -0.3990657704395439E-04  0.2641044634075190E+00
     72  -0.1727715299626961E-01 :      3      3   0.9904832829524782E+00  0.4077339190809501E-01  0.2710041207728732E-02 -0.7606676507209221E+00 -0.5323790733108781E-02 -0.2441664505593163E+00
     73  -0.4021030930257740E-02 :      3      3   0.1400950141923414E+01  0.5565575434692554E-01  0.2989807066487752E-01 -0.8590363966259893E+00 -0.6916262980225910E-01 -0.4916970696981259E+00
     74   0.6501777976831639E-02 :      3      3  -0.5590742562072664E+00 -0.5313361612322839E-01 -0.4165634221854162E-04  0.5164340911208511E+01 -0.2672230435986473E-05 -0.5674256364558948E-01
     75  -0.7486971043528030E-03 :      3      3  -0.6058293256518086E+01 -0.8808035246320288E+00 -0.2131852538418351E-05  0.8584989369119175E+01 -0.5960935109508695E-05 -0.1575903582983133E+00
     76  -0.2477360641175147E-03 :      3      3   0.2147153631238227E+02 -0.4654241218143089E-02  0.4318233158142469E-04 -0.1514796690497733E+01 -0.2173694110225115E-02  0.2691270175746553E+00
     77   0.1119068309758059E-03 :      3      3   0.6056687984945042E+02  0.1038822960741831E-02 -0.3344940556687156E-05  0.8492089366804437E+00  0.2772932035609240E-04 -0.5607317314894798E-01
     78   0.2761021693218030E-01 :      3      3   0.5541919951652473E+00  0.3170339639511105E-02  0.3221522020771766E-04 -0.1254445262953443E+01 -0.1998079095192808E-05 -0.5674041498370238E-01
     79  -0.1007946863917942E-02 :      3      3   0.9710253231923311E+01  0.7789336692015018E-02  0.7908048962682251E-04 -0.6780357828538268E+00 -0.6129559489378279E-02  0.2349964696429001E+00
     80   0.1885165728408711E-03 :      3      3  -0.3491196856887112E+01 -0.3020469606523227E+00  0.3042715789334711E-05  0.3360933421159738E+02  0.7463076873518766E-06 -0.5569367516047239E-01
     81  -0.1002217261262289E-03 :      3      3   0.3108392207236311E+01  0.1554634722067555E+00 -0.9409123953345278E-04 -0.3801904293002973E+02 -0.1223684410195786E-04 -0.1797977760113480E+00
     82   0.2061898187124957E-02 :      3      3   0.2712775022265816E+01 -0.2132540852573113E+01  0.1512025943942896E-02 -0.1858624808631006E+01 -0.3394955172044070E-02  0.2682328099915673E+00
     83  -0.3510090487025145E-02 :      3      3  -0.6642965675870177E+00  0.3834146767817664E-01 -0.1011979525691723E-01  0.3968422165790435E+01  0.6593115568233260E-04 -0.2594096605247777E+00
     84  -0.6647472060137253E-02 :      3      3  -0.5746203204852588E+00 -0.6113712315267095E-02 -0.1890769050708813E-01 -0.1300110937726622E+01 -0.3041890396316430E-02 -0.2904913320143802E+00
     85  -0.1354648833994878E-01 :      3      3  -0.9127237122133671E+00 -0.2160499574004082E-01  0.2544067640789646E-03  0.5714423608105639E+00 -0.2471497267815633E-03 -0.1362649271484233E+00
     86   0.1813697167629397E-04 :      3      3  -0.9791694729107618E+00  0.5995105725660402E-01 -0.1746450200086668E-04  0.1630567381187062E+03  0.7914375869988078E-06 -0.5486219267062752E-01
     87  -0.7543211975638052E-02 :      3      3  -0.1966298363523665E+01  0.1278225801310499E-01 -0.1042767519452957E-03  0.4962823626136386E+00  0.2972193970501579E-02 -0.1749906561729481E+00
     88  -0.1129234033539917E-02 :      3      3   0.3961601792696885E+01  0.4147640105428731E-01  0.4238824650363572E-02 -0.1400138648805224E+01 -0.4151539345830500E-01 -0.5151651844951824E+00
     89  -0.1039628639847405E-02 :      3      3   0.8312620616267282E+01  0.5989559768600124E-01  0.9285929432707626E-04  0.2393067186675490E+01  0.4718339998468368E-03 -0.2775227141995343E+00
     90  -0.3354237217630803E-03 :      3      3   0.1073141686808236E+01  0.9763852190637841E-01  0.4361697385786257E-02 -0.1810464262669532E+02 -0.3487014210673268E-04 -0.2658230769676562E+00
     91  -0.3814084691808206E-02 :      3      3  -0.1234791147452381E+01 -0.1236382356130738E+00 -0.3154433679184244E-01 -0.2226697121897870E+01 -0.6593283889518323E-02 -0.4614754403999193E+00
     92  -0.2621343849174105E-04 :      3      3   0.1069719334621714E+03  0.7797553160536040E-03  0.3870155928687725E-05 -0.1056759875315079E+01 -0.6010214294576482E-03 -0.1763862081199435E+00
     93   0.1100753979776395E-02 :      3      3   0.1000041567000637E+02  0.4727601907003910E-02  0.1255557938296187E-05 -0.5325913851903861E+00 -0.6561460072034970E-04  0.5494993821682333E-01
     94   0.2998878212477012E-04 :      3      3  -0.1174263226688959E+03 -0.1265229379999676E-02 -0.1750535482620343E-05 -0.2057534815947330E+01 -0.4278306601088079E-05  0.5509571056630444E-01
     95  -0.1086597738665122E-02 :      3      3  -0.6529512777036047E+01  0.6353324858514380E+01 -0.2847256747352459E-05 -0.1651339736636544E+01 -0.1454754488565587E-04  0.5730828022069793E-01
     96  -0.1325085293764077E-03 :      3      3  -0.6937530075469722E+00  0.1887851367485242E-01 -0.7917988561831001E-03  0.3920336116329761E+02  0.3686334773186574E-05 -0.1635273700264694E+00
     97   0.1936033648893341E-03 :      3      3   0.1510655854502622E+02 -0.1472172064414085E+02  0.1095247618545768E-04  0.3309307041539868E+01  0.1030406622309284E-03 -0.1564504675946340E+00
     98  -0.1075258668159116E-02 :      3      3  -0.7123458904409493E+01  0.5357072146365066E+01 -0.1944128875863095E-05  0.4263249521440508E+01  0.1728612653372213E-04  0.5514174517910704E-01
     99  -0.5024500453036617E-03 :      3      3   0.9360475353156177E+00 -0.6231621752043593E-01  0.4290992931281553E-01 -0.6429473867753123E+01 -0.2183380179444817E-02  0.4574555791383016E+00
    100   0.5628555797900133E-03 :      3      3  -0.6758033193846822E+01  0.6597214944445619E+01 -0.1811775195959217E-04  0.1697852291346446E+01  0.1216675190744099E-03  0.1459315286716067E+00
