 BASIS_TYPE RG_1P
 PARTICLES      4
 MASSES  0.1278639227775000E+05  0.1000000000000000E+01  0.1000000000000000E+01  0.1000000000000000E+01
 CHARGES  0.3000000000000000E+01 -0.1000000000000000E+01 -0.1000000000000000E+01 -0.1000000000000000E+01
 SYMMETRY (1+P23)(1-P24)
 BASIS_SIZE    100
 CURRENT_ENERGY -0.7409341827026370E+01
 WHICH_EIGENVALUE      1
 EIGVAL_TOLERANCE  0.1000000000000000E-11
 INVITPARAMETER  0.1000001000000000E+01
 LAST_EIGVAL_TOL  0.5219709690077146E-14
 BEST_EIGVAL_TOL  0.1000000000000000E+01
 WORST_EIGVAL_TOL  0.9999642538027368E-12
 GENERATOR_PARAM  0.7000000000000000E+00  0.1000000000000000E+01  0.3000000000000000E+01
 ==============================
    100 -0.7409341827026370E+01     10      0      0
 ==============================
 EXPC_VALS I 100
 ==============================
      1 -0.3396167371169315E+01      0      0      0
      2 -0.6322097914157797E+01      0      0      0
      3 -0.7163144198513982E+01     10      0    134
      4 -0.7233105930916538E+01      0      0      0
      5 -0.7309111861152086E+01     10      0    253
      6 -0.7323782694121928E+01      0      0      0
      7 -0.7338429643722059E+01      0      0      0
      8 -0.7348505819677682E+01      0      0      0
      9 -0.7356196369440352E+01      0      0      0
     10 -0.7375687100139805E+01     10      0    617
     11 -0.7378030364137559E+01      0      0      0
     12 -0.7379548007223826E+01      0      0      0
     13 -0.7381157251817883E+01      0      0      0
     14 -0.7382461092174879E+01      0      0      0
     15 -0.7389326182881399E+01     10      0   1155
     16 -0.7390140255207636E+01      0      0      0
     17 -0.7390915844223826E+01      0      0      0
     18 -0.7391561220350275E+01      0      0      0
     19 -0.7395307990693114E+01      0      0      0
     20 -0.7398982336182076E+01     10      0   1682
     21 -0.7399376426742434E+01      0      0      0
     22 -0.7399758230590694E+01      0      0      0
     23 -0.7400119106932118E+01      0      0      0
     24 -0.7400411511996863E+01      0      0      0
     25 -0.7400970214481070E+01      0      0      0
     26 -0.7401449721066658E+01      0      0      0
     27 -0.7401605234985579E+01      0      0      0
     28 -0.7401816595472582E+01      0      0      0
     29 -0.7402046101398627E+01      0      0      0
     30 -0.7404771929686163E+01     10      0      0
     31 -0.7404988125959469E+01      0      0      0
     32 -0.7405131108382526E+01      0      0      0
     33 -0.7405259753377746E+01      0      0      0
     34 -0.7405334200332061E+01      0      0      0
     35 -0.7405457815361256E+01      0      0      0
     36 -0.7405546669421795E+01      0      0      0
     37 -0.7405627096322206E+01      0      0      0
     38 -0.7405691305133780E+01      0      0      0
     39 -0.7405751141241903E+01      0      0      0
     40 -0.7406956075095875E+01     10      0      0
     41 -0.7407060786301581E+01      0      0      0
     42 -0.7407118213763679E+01      0      0      0
     43 -0.7407177945750431E+01      0      0      0
     44 -0.7407221629016700E+01      0      0      0
     45 -0.7407263158929045E+01      0      0      0
     46 -0.7407294403995038E+01      0      0      0
     47 -0.7407333334344298E+01      0      0      0
     48 -0.7407370094919635E+01      0      0      0
     49 -0.7407393234712422E+01      0      0      0
     50 -0.7408041164307658E+01     10      0      0
     51 -0.7408075150013009E+01      0      0      0
     52 -0.7408112033694072E+01      0      0      0
     53 -0.7408209761197988E+01      0      0      0
     54 -0.7408235566127936E+01      0      0      0
     55 -0.7408262669694140E+01      0      0      0
     56 -0.7408279669413910E+01      0      0      0
     57 -0.7408289762008926E+01      0      0      0
     58 -0.7408308061075604E+01      0      0      0
     59 -0.7408327712912076E+01      0      0      0
     60 -0.7408633212774419E+01     10      0      0
     61 -0.7408650230069252E+01      0      0      0
     62 -0.7408667378924256E+01      0      0      0
     63 -0.7408677544801070E+01      0      0      0
     64 -0.7408691534093236E+01      0      0      0
     65 -0.7408712431939038E+01      0      0      0
     66 -0.7408722875442151E+01      0      0      0
     67 -0.7408735051152701E+01      0      0      0
     68 -0.7408744785408554E+01      0      0      0
     69 -0.7408751959557695E+01      0      0      0
     70 -0.7408953259811717E+01     10      0      0
     71 -0.7408959684549639E+01      0      0      0
     72 -0.7408965771109784E+01      0      0      0
     73 -0.7408971952828930E+01      0      0      0
     74 -0.7408978963033134E+01      0      0      0
     75 -0.7408985921104794E+01      0      0      0
     76 -0.7408990886677860E+01      0      0      0
     77 -0.7408995094858287E+01      0      0      0
     78 -0.7409004450362672E+01      0      0      0
     79 -0.7409009788530501E+01      0      0      0
     80 -0.7409115481222429E+01     10      0      0
     81 -0.7409121755697051E+01      0      0      0
     82 -0.7409126830540954E+01      0      0      0
     83 -0.7409130725884845E+01      0      0      0
     84 -0.7409135909925786E+01      0      0      0
     85 -0.7409138389155395E+01      0      0      0
     86 -0.7409141969025672E+01      0      0      0
     87 -0.7409144854060918E+01      0      0      0
     88 -0.7409147685142342E+01      0      0      0
     89 -0.7409153404436693E+01      0      0      0
     90 -0.7409251385199656E+01     10      0      0
     91 -0.7409255920050554E+01      0      0      0
     92 -0.7409259578755781E+01      0      0      0
     93 -0.7409263433940936E+01      0      0      0
     94 -0.7409266039303482E+01      0      0      0
     95 -0.7409271063920657E+01      0      0      0
     96 -0.7409272963102063E+01      0      0      0
     97 -0.7409274472292751E+01      0      0      0
     98 -0.7409278281354353E+01      0      0      0
     99 -0.7409280512693038E+01      0      0      0
    100 -0.7409341827026370E+01     10      0      0
 ==============================
      1      1  0.1342790318687582E+00  0.2367111034201833E-02 -0.1064527875851151E-02  0.1206951783048896E+01  0.9705216184773503E-01 -0.2141398307329354E+01
      2      1  0.1876528767296578E+00  0.1077045959637957E-02  0.2151458123061166E-02  0.1733933450071984E+01  0.3873439806017486E-01  0.1441114957980484E+01
      3      1  0.1694434545842367E+00  0.4567562481779244E-03  0.1977785914659035E-03  0.8817214169049036E+00 -0.4752496013902483E-02  0.3534861473135327E+01
      4      1 -0.1621753650568223E+00 -0.7476056140679647E-03  0.1454904754313842E-02  0.5552212892307534E+01 -0.2178189166254731E-02  0.8894439105690509E+00
      5      1 -0.1891050152524009E+00 -0.1103272555545839E-02 -0.6368992940116104E-03  0.1103342337933525E+01  0.2886177375409022E-01  0.8797762538592157E+00
      6      1  0.1688956855824405E+00  0.3040326015722332E-03  0.4497645217526485E-03  0.9444517653496405E+00  0.3082297708369770E-02  0.9373853731180779E+01
      7      1 -0.1593440677535221E+00 -0.5356849565271151E-03  0.1002889854391772E-02 -0.2412154773054816E+01 -0.1051090557605677E-01  0.8946365428892185E+00
      8      1  0.1544832745118676E+00  0.3903260650442855E-03  0.2456228393920307E-03  0.2236972386901517E+01  0.5586597617488102E-01  0.2516696322847956E+01
      9      1  0.1846207772212003E+00  0.2243548598134129E-03  0.1620751823798821E-02  0.3486617434883440E+01  0.4999078602323491E-01  0.1608650099355760E+01
     10      1 -0.2856793293175102E+00 -0.2500665334496820E-02 -0.9706987444482000E-02  0.1859857891248587E+01  0.1846623455688613E-01  0.9293023656425673E+00
     11      1  0.2207644650649697E+00 -0.8206725906160729E-03 -0.8244517560512813E-02  0.1299557499381781E+02  0.6067375312173376E-02  0.1157998870211518E+01
     12      1  0.2454544149653927E+00  0.6142108798705331E-04  0.2118665461210118E-02 -0.1293122653482554E+01 -0.6629421148217887E-01 -0.2580453322366312E+01
     13      1 -0.1454583727953243E+00 -0.3004147637464290E-02  0.1195949220752511E-03  0.1634645729133120E+01  0.1274402377324575E+00  0.4957940334986438E+01
     14      1 -0.2880957609428947E+00 -0.1460723500422715E-02 -0.1094854429435440E-01  0.3760393922115147E+01  0.7082147633693190E-02  0.1062070039551892E+01
     15      1  0.1868685005277236E+00  0.1739838394434564E-03 -0.3157443375768220E-03  0.8047821686710135E+00  0.1900277732993350E-01  0.1657299386107569E+01
     16      1  0.2445635369061729E+00 -0.3180530389214505E-03 -0.2102751818263029E-02  0.1314402587047114E+01  0.1877086769509973E-01  0.5730973240119287E+01
     17      3  0.1001115910846160E+01  0.3698073388107346E-01  0.3345761375966340E-01 -0.2412369686818069E+01 -0.4349230296732192E-02 -0.5056361286366468E+00
     18      1 -0.2426323274548398E+00 -0.1639273161202408E-02  0.9764344520249406E-02 -0.5934858649752417E+01 -0.6798557162892117E-01 -0.2025489961547788E+01
     19      1  0.1729676600601069E+00 -0.2670350562683735E-02  0.3390976708728020E-02  0.1368537746043600E+01 -0.6873890681117960E+00 -0.1209283214273796E+01
     20      1 -0.2992243250923636E+00 -0.9780360017206165E-02 -0.6458660530771191E-02  0.1109664037751324E+01  0.3682752451922703E-01  0.1346204094031198E+01
     21      1 -0.3558983260759175E+00 -0.8871817533232794E-02 -0.3549981047981871E-01  0.7232836682321254E+01 -0.2509540053488865E-02  0.1165445668602226E+01
     22      1  0.2718504017903286E+00  0.8220568132842260E-03  0.2892796664123766E-02  0.2488278662058431E+01  0.9505276327804599E-01  0.3655187061894969E+01
     23      1 -0.4424034513413971E+00 -0.3141906146149624E-01 -0.1637358184314794E-02 -0.1184182260558423E+01 -0.4759338410061029E-01  0.3807027484464317E+01
     24      1 -0.3019907256717171E+00 -0.2746695518833112E-02  0.3012693439070293E-02  0.2318544746669719E+01  0.8202626317608902E-01  0.1761471924669178E+01
     25      1  0.4102644540382110E+00  0.3951785667877614E-01  0.2709449089867376E-01  0.4373460683489754E+01 -0.3162659516378844E+01 -0.2374154316116776E+01
     26      1 -0.1732980811751948E+00 -0.5329362725180255E-02 -0.1809771465954575E-02  0.1573565300601293E+01  0.6533260854805691E-01  0.1810389942422775E+02
     27      1 -0.1469070891140045E+00  0.2521851002476264E-04 -0.5341374330969605E-02 -0.8582088653664483E+01 -0.2208609505482538E-02  0.1617197237026876E+01
     28      3  0.7552868491499716E+00  0.5765531951967561E-01  0.3121899064327840E-01  0.1114601491015266E+01  0.1062544210130739E-01  0.4450367747434075E+00
     29      1 -0.1887871141949791E+00 -0.7378608059587954E-02 -0.2129262033526452E-02  0.3087229773349408E+01  0.3977641533241301E+00  0.7984510254722508E+01
     30      3  0.1420217665667993E+01  0.2680848503815329E-01  0.1894010369266572E-01 -0.7874842887689685E+00  0.2870317546832717E-01 -0.5929693589126441E+00
     31      1  0.4679611089302213E+00  0.1278113893426459E-01  0.2851758862952460E-01 -0.3869076261638278E+01 -0.1128516015876608E+00 -0.2255509553069440E+01
     32      1  0.2879610141181120E+00  0.1689920892281817E-01  0.2595496907390939E-02  0.7509357759235363E+00  0.2241056516799157E-01  0.1606757056626985E+02
     33      1 -0.2905851860089686E+00 -0.2097107469995124E-01 -0.1171805038236846E-01  0.6247757655511319E+00  0.3204631475835405E-01  0.1002624587270760E+01
     34      1  0.3137502324014352E+00 -0.9853047796164896E-03 -0.4083906067936328E-03  0.1616957933721341E+01  0.1217702539845528E-01  0.1018709730606327E+02
     35      1 -0.3176025933485181E+00 -0.1884919583018905E-01 -0.1570312966491720E-01  0.1667917025912320E+01 -0.8829218601343877E+00 -0.1371461714630646E+01
     36      1 -0.1365465077807777E+00  0.4761378098740464E-03 -0.1672246945605927E-02  0.1322818198120707E+01  0.3032933167455317E-01  0.1216716928416739E+01
     37      1  0.3267160504532661E+00  0.2924249235667345E-01  0.2697373684963518E-02  0.6817527722389096E+00  0.3377010819935579E-02  0.2369576245766778E+01
     38      1  0.2809230554393402E+00  0.1610945956960373E-01  0.9276343063072947E-02  0.6903677699538493E+00  0.1201959147589032E-01  0.5269239217803507E+01
     39      1 -0.1614187233614587E+00  0.1700698824404804E-02 -0.1095608858077344E-02  0.2503436530109261E+02  0.4510712668374276E-02  0.1881854736796618E+01
     40      1 -0.4666936156116238E+00 -0.3705429605754317E-01 -0.3389737767361168E-01  0.1475056295694258E+01  0.5615927371117579E-01  0.1839074416250406E+01
     41      1 -0.1606826779551818E+00  0.2107885439649946E-02 -0.6608266750881610E-02  0.4716495847113738E+01 -0.3138424273212556E+01 -0.3323534392250208E+01
     42      1 -0.5459665108707868E+00 -0.8595238444798112E-01 -0.2542074556154952E-01 -0.8252827927049534E+00  0.7831969618813479E-02 -0.8059918762606729E+01
     43      1  0.2610370680869623E+00  0.1320500199586424E-02 -0.1119434726366985E-01  0.1264895063088968E+02  0.8535766402095715E-02  0.2645615661303569E+01
     44      1 -0.1559168140809991E+00 -0.1760910182598318E-02 -0.1240968290282636E-02 -0.2428218091132495E+01  0.1383627639934559E+01  0.1829243905507966E+01
     45      3  0.1083959064082191E+01  0.1002332027199066E+00  0.7998856127232954E-02  0.1463068201096541E+01  0.5699101718566216E-01  0.8942890971285291E+00
     46      1  0.1337014415739683E+00  0.9873032477828345E-03  0.1635382123760127E-04  0.6870021844942488E+00  0.2765886673820884E-01  0.1044231144511812E+01
     47      1  0.2659477098408485E+00 -0.8898962381916387E-02 -0.1465738391654979E-02  0.1439504033795273E+01  0.4099782757215773E-01  0.3795436196408856E+02
     48      1  0.2549378760021514E+00  0.1433723790468995E-02  0.1802392130941895E-01  0.1508870751389902E+01 -0.5596158410128947E-02  0.5633860843391346E+00
     49      1 -0.5467117213800931E+00 -0.3246387091214818E-01 -0.4749182836577035E-01  0.2387757295506499E+01  0.2962069998358081E+00  0.6416531509225580E+01
     50      1 -0.1558151534035982E+00  0.1021669556307641E-02 -0.3436803606540468E-02 -0.4630516047168974E+01 -0.1083566530205681E+00 -0.3472220915374624E+01
     51      1  0.2759309241230551E+00  0.6371349282711467E-02  0.2042038103062759E-01  0.2800092714010182E+02 -0.1694468392939177E-02  0.8641120103417904E+00
     52      3 -0.2826516818645403E+01 -0.8651611954903040E-02 -0.4004739793644584E-01  0.8124173099983997E+00  0.8123338320454306E-01  0.8318913371566899E+00
     53      3 -0.1063573324409480E+01 -0.4353249288622508E-01 -0.1295168509675093E+00  0.1817075148202199E+01 -0.1107456415410722E+01  0.1055458011572436E+01
     54      1 -0.1522465329102305E+00  0.9414482697881474E-04 -0.9714782641157998E-02  0.1191388512119680E+02  0.6412788989246379E+00  0.5630725756148878E+01
     55      1  0.5371902658058056E+00 -0.1110836351687211E-01  0.4128718373333282E-01 -0.4357307464020688E+01  0.5957209267632469E-03  0.6063816112364152E+00
     56      1  0.2678246508744809E+00 -0.3326755816801509E-02  0.8856642831273581E-02 -0.4339119646198712E+01 -0.4716492796046379E+00 -0.1826184082430991E+02
     57      1  0.3274827242594558E+00  0.1922626501763298E-02 -0.1017924495825016E-01  0.5969976410683096E+01  0.5745523634262690E+00  0.5328827717865736E+01
     58      1 -0.2205265617579514E+00 -0.8884531218513266E-03 -0.1091619828667208E-01  0.3194173249190245E+01 -0.1519799640382914E-02  0.5907648935329342E+00
     59      1 -0.1495145358306977E+00  0.2127688447189606E-02  0.4176714884653185E-02 -0.7849348301673017E+00 -0.3087193337053072E-02 -0.2982476156672038E+02
     60      1 -0.1647787386316743E+00  0.1874964424640351E-02  0.2265622146016052E-02  0.5687138632278647E+02  0.1229917284444369E-02  0.1016084080610829E+01
     61      1  0.1583307317206486E+00  0.4323758067873870E-02 -0.7940184467746284E-02  0.1099210901618335E+02 -0.1063459499160624E+02 -0.2639076925642109E+01
     62      3 -0.1261648054752089E+01 -0.3287973398319884E-01 -0.5054472666636916E-01 -0.7720827631908329E+00 -0.8732683752496412E-01  0.1574617281976575E+01
     63      1 -0.4296940959185136E+00 -0.1303003888068220E-01 -0.5044068540422051E-01  0.1691243088503256E+02  0.4721445907780395E-02  0.1379573673463197E+01
     64      3 -0.4774864724394398E+00  0.5311830531670111E-01 -0.2029500054118669E-01  0.1886028466904612E+01  0.1481555879982284E-01  0.6101936524826553E+00
     65      2 -0.1608864215370245E+01 -0.2700943284988318E+00  0.8654232147962387E-01  0.4199968487452312E+01 -0.3459512292369498E+01  0.1416320983930561E+01
     66      3  0.1612185171304678E+01  0.1713920124953072E+00  0.1248688264507530E+00  0.2871631694609238E+01  0.7541175035453992E-01  0.1035341576252532E+01
     67      1 -0.2166994528865323E+00 -0.7031677358724165E-02 -0.3279036854250813E-03  0.5159653536995799E+01 -0.4949346923563334E+01 -0.1539882696741913E+01
     68      3  0.5725571089995342E+00  0.3000868089362882E-01 -0.2981290194557378E-01 -0.8158119167107221E+00 -0.1644687065188703E+00 -0.9168728329560935E+00
     69      1 -0.1330229076972143E+00 -0.6168456744052932E-03 -0.2137805704135477E-04 -0.1572739208190945E+01 -0.6758409274768983E-02 -0.6487152336572621E+00
     70      1  0.8511615705084995E+00  0.9274215237595015E-01  0.1419686451006222E+00 -0.5732622194316668E+01 -0.1411461089760274E-02  0.1200027306055042E+01
     71      1  0.5096106708728463E+00  0.2825827168249452E-01  0.1293384527572101E-01  0.1631435261200764E+01  0.5159720582320990E-01  0.2220447379175287E+02
     72      1  0.1372696899359650E+00  0.1431996094749778E-02  0.3547395259846711E-02  0.5141721110974949E+00 -0.2924310945116389E-01  0.2326384339991472E+01
     73      1 -0.2475075517690278E+00  0.5173636967734474E-02 -0.1474376146569231E-01  0.8661615014404774E+01  0.3707941762797229E-02  0.6265980809738411E+00
     74      1 -0.1929051669063587E+00  0.1175572164752577E-02  0.7495729836763442E-03  0.1148799866353922E+01 -0.5585923404824079E-02  0.1117096474837182E+03
     75      1 -0.2963647185603486E+00 -0.4064719420151530E-03  0.1078280030044939E-01  0.3524212951001719E+02  0.1274841555060850E-01  0.3406575843902725E+01
     76      3 -0.1136022561319023E+01 -0.1878866034128753E+00 -0.1893268421194332E-01 -0.1893155493707484E+01 -0.4660271456782064E+00  0.2223302816991215E+01
     77      1 -0.1357922851527194E+00 -0.3215056779066376E-02 -0.1836936731130034E-02  0.1573408723203834E+02  0.2433494567216537E-03  0.7679485953201085E+00
     78      3 -0.3174169233178478E+01 -0.2457812754181205E-01  0.4475815275210224E-02  0.1354912496959517E+01 -0.7244190161844390E+00  0.7749491976685984E+00
     79      1  0.1162987055024089E+00 -0.1059956580320062E-02 -0.2713556762637512E-03  0.3355526478696653E+01  0.2401716754698065E-01  0.1306241276169246E+01
     80      3  0.1411245012858432E+01  0.2512442949678948E-01  0.8804326340329403E-02 -0.8546917289760029E+00  0.2511930759754172E+00 -0.5966561398616993E+00
     81      1  0.3257789132788134E+00 -0.9367037727540918E-03  0.2080910578529367E-01  0.8348032261576602E+01 -0.7600833904285849E+01 -0.3977951115024255E+01
     82      1  0.3283335172146904E+00  0.3172671781668726E-02  0.9490286487254876E-02  0.8370359632144758E+02  0.2282941655901730E-02 -0.1815239839762477E+01
     83      1  0.1180671908163074E+00  0.2348474250008201E-03 -0.4108814254298647E-02  0.5835714304878122E+00  0.3163084628873898E-01  0.5871626391135642E+01
     84      3  0.4583733472008515E+01  0.1012910819575405E-01  0.6016476477195402E-01 -0.1083541140224789E+01 -0.1711585152097377E+00 -0.1507618091297642E+01
     85      1  0.6840279104910845E+00 -0.6194622710929078E-01  0.6376530009422740E-02 -0.1294653292074744E+02  0.5554586683086167E-03 -0.6242697610046877E+00
     86      1  0.1532782385833019E+00  0.1315331812874417E-01  0.1358370465849197E-02  0.2955082133940363E+01  0.1268507140527490E+00  0.5273726984693927E+02
     87      1  0.2602314345894751E+00  0.1248101474402647E-02 -0.1037589620489693E-01  0.2621668538715058E+01 -0.1763711819839427E+01 -0.2454141781890666E+01
     88      1  0.6212872102343191E+00 -0.1516331825487964E-01  0.1922491705430976E+00 -0.1037706019866769E+02 -0.9384818163790269E-01 -0.3024310689518016E+01
     89      1 -0.6635832363361511E+00 -0.2510240661509811E-01 -0.2311008881918324E+00  0.2410435716916927E+01 -0.1696868205362241E+01  0.1641045352467593E+01
     90      1  0.1917600343087941E+00  0.2049496270506834E-03  0.6130668124581403E-02 -0.8047853926003167E+00 -0.2047765197218188E-01  0.5422812870606891E+00
     91      3  0.1635974287968074E+01  0.2599124870851360E-01 -0.1200135376848816E+00 -0.8412491804876020E+00  0.5793184815032574E-01  0.3902362871798014E+01
     92      1 -0.2580397547952043E+00 -0.8246698348723097E-02 -0.1203187249197121E-01 -0.2436372226181611E+02  0.2418947342781064E+02  0.2742030787300604E+01
     93      3  0.6032253213844546E+00 -0.5117574903075074E-01 -0.1419674059628132E+00 -0.2705809491741271E+01 -0.2182320464211935E-01 -0.1343682954706311E+01
     94      1 -0.7543875866122282E+00  0.1384649260812845E-03 -0.1768735662971945E+00  0.3955517642100142E+02  0.2186890565458784E-02  0.1149295334218234E+01
     95      3  0.1205255414479522E+01  0.7490230571562081E-01 -0.4714253483098339E+00 -0.1433856234502894E+01 -0.1900229728963106E-01 -0.7793688980546033E+00
     96      1  0.1165171082455104E+00 -0.1029091232213997E-01  0.1356283068584701E-02  0.2207624450201439E+01 -0.1103627312482498E+00  0.1179560212642713E+02
     97      1 -0.7883638718035293E+00 -0.5697494038972033E-01 -0.6803378505437224E-01  0.1922665175398615E+01  0.2127617423733436E+00  0.2855079693424445E+01
     98      1 -0.2142258515495336E+00 -0.1271482868448546E-02 -0.1239999876833328E-01  0.2270902962399611E+03  0.7787989621670328E-04  0.1246017408090575E+01
     99      1  0.1182498736442061E+01  0.3069867649936485E+00  0.5032434053680390E+00  0.1224449663349210E+01  0.2597819553429455E-01  0.1247205551244835E+02
    100      1 -0.4134062653415351E+00 -0.7125946169391446E-01 -0.2968561426817221E-01  0.7164245675126796E+00  0.1418954351187937E-01  0.6180135480197418E+02
