 RGL0 WAVE FUNCTION FILE
 PARTICLES      4
 MASSES  0.1000000000000000E+31  0.1000000000000000E+01  0.1000000000000000E+01  0.1000000000000000E+01
 CHARGES  0.3000000000000000E+01 -0.1000000000000000E+01 -0.1000000000000000E+01 -0.1000000000000000E+01
 SYMMETRY (1+P23)(1-P24)
 BASIS_SIZE    100
 CURRENT_ENERGY -0.7477984899077444E+01
 ==============================
      1  -0.6993136499496644E-01 :   0.2256399502433943E+00 -0.1017829291319832E-04 -0.1343393150042216E-01 -0.8223078619496305E+00 -0.9904271657243068E-02  0.2410549961434898E+01
      2  -0.9731863459285275E-01 :   0.2478999717669343E+00 -0.1899514226352026E-02  0.1363059078270252E-02 -0.2317100239308137E+01 -0.3321414640219277E-01  0.1267457257202204E+01
      3  -0.3221666107785402E-01 :   0.2717434194821973E+00  0.1217264032611811E-01  0.5626774936913697E-02  0.1139081977092655E+01  0.3177566701959014E-01  0.4234136298869251E+01
      4  -0.1529522192696115E-01 :   0.2421618976451523E+00 -0.3385410669043711E-02  0.1851652433471053E-02 -0.6077558765854342E+01 -0.3709589453954011E-02  0.1222279994089186E+01
      5  -0.1420386785864231E+00 :   0.2273558012527115E+00  0.5309335763809008E-02  0.1038676426322785E-01  0.1243295999408621E+01  0.9862832106951201E-01  0.1603824324274247E+01
      6  -0.5983513283820357E-02 :  -0.2900392524448744E+00 -0.2720786087237596E-01 -0.1841322485852629E-01 -0.1962162045513028E+01 -0.1502818173107246E+00  0.7724037820562576E+01
      7  -0.2891392130983819E-01 :   0.1916203578228863E+00 -0.2596711895799903E-02 -0.3679460790858192E-02 -0.3448965268221393E+01 -0.3316548927846936E-01  0.2013495101841361E+01
      8  -0.1147485303264783E+00 :   0.1691552267100717E+00 -0.8414028719989122E-04 -0.5737138320171394E-04  0.1461794676365496E+01  0.2886175479118553E-01  0.1069163906881214E+01
      9  -0.5216640097789546E-01 :   0.2590034002469331E+00  0.2742908780577792E-02  0.2768942287439658E-03  0.1941688990015046E+01  0.8740749168202781E-01  0.2740101577179477E+01
     10  -0.1120343860489507E+00 :   0.2607853035699737E+00  0.1368617421920676E-01  0.1806817657616308E-01 -0.9448491218372020E+00 -0.4687926907596659E-01  0.1063737064292505E+01
     11  -0.4570899341969609E-02 :   0.1613514711732262E+00  0.4994788395910934E-02 -0.1231528647703845E-02 -0.8628695949475762E+01  0.6363977379159728E-03  0.8181090070603004E+00
     12   0.3125075094706571E-01 :   0.5019008731490644E+00 -0.2535551034978521E+00 -0.3581400297007244E-01  0.7728040257878089E+00  0.5681660142077389E-01  0.1720774104765064E+01
     13  -0.1159043148568051E-01 :  -0.2265756411519926E+00 -0.2653401674835113E-02 -0.7244128783675335E-03 -0.2681532844770896E+01 -0.1917982698354383E+00  0.4345683697553418E+01
     14   0.8931086918538503E-02 :   0.6950791767477861E+00 -0.2020223942681014E+00 -0.5288598275877326E-01  0.1021107225249583E+01 -0.1163030182022220E-01  0.3939886113929111E+01
     15  -0.1294611825446319E-01 :   0.2025303046853407E+00 -0.1498934706876112E-01 -0.9235845096136990E-03 -0.3980806396191462E+01 -0.2783422604866303E-02  0.6394273617369902E+00
     16  -0.1321982072236121E-02 :   0.2091056170312478E+00 -0.1745218073260591E-01 -0.1446148255276354E-01 -0.2540786211258854E+01 -0.1146414336575402E+00  0.1546446299521174E+02
     17  -0.1309570985228246E-01 :   0.1704040223643547E+00 -0.1567852712797920E-02 -0.2295283578130878E-02  0.7468005394218997E+00 -0.1241812077514230E-01  0.5109751674558862E+01
     18  -0.3478193578097556E-02 :   0.2587132408878448E+00  0.2544734301039834E-02  0.1048535534489128E-01 -0.1122200614456863E+02  0.1225411860614086E-02  0.1647259686109209E+01
     19   0.2096082883658074E-01 :   0.2231417552559944E+00  0.2998481120464933E-01  0.6885560983770395E-01  0.1127562605355793E+01  0.4249322129559929E+00  0.1472124924682306E+01
     20   0.7957815057036268E-02 :   0.1912346041750825E+00  0.7805485067457925E-02 -0.4609078363097431E-02 -0.3069031654927191E+01  0.2051144188686957E+01  0.2657984243241581E+01
     21   0.2997414097244083E-03 :   0.2228063595435664E+00 -0.4988390201320966E-02  0.1305998123005330E-01 -0.1117331025666188E+02  0.1009229236816853E+02  0.5363861905698945E+01
     22   0.2265971533580756E-01 :   0.2112132045900297E+00  0.1990470900520020E-01  0.1558746044721619E-01 -0.1326903955171924E+01  0.6187692608155374E+00  0.1137487501450724E+01
     23  -0.7354997160919395E-01 :   0.3173811476544323E+00  0.1486462349103791E-01  0.1201111151833406E-01 -0.1532371301795271E+01 -0.2274870684272738E-01  0.8571578488530813E+00
     24  -0.1011039025257838E-02 :   0.1573142555779223E+00 -0.1101846921301117E-01 -0.1021844000685908E-01 -0.1854949298291632E+02 -0.2969843897809674E-02  0.1237740028483555E+01
     25  -0.5209897506381610E-01 :   0.1624704132927350E+00  0.4305850435417697E-05  0.2951303770923647E-02 -0.1244940585327215E+01 -0.6255780606539560E-01  0.2923224357344744E+01
     26   0.2710620948798412E-02 :  -0.8287836959896159E+00  0.2662275638665314E-01  0.1909415983874369E-01 -0.1681599131586367E+01 -0.8732626288357216E-01  0.7453002368189598E+01
     27  -0.6641909570614612E-02 :  -0.2598734429901542E+00  0.8870006400424689E-03  0.1903506960118964E-02 -0.5488708344771396E+01 -0.7887905255824283E-01  0.3522843165031162E+01
     28   0.2404245687064855E-01 :   0.7446659343997578E+00 -0.7615554220765292E-01 -0.3453882371749903E-01  0.1421890198672352E+01  0.8922363973092430E-01  0.2056038446434771E+01
     29  -0.5125846825113949E-01 :  -0.3359652872757281E+00 -0.5431919578806947E-01 -0.3799338161717427E-01  0.1394815613934302E+01  0.9370804619924196E-01 -0.1934634902044429E+01
     30  -0.5924302420951219E-02 :   0.2828175693505939E+00  0.9463897703934328E-02 -0.8932783857837462E-02  0.8569002059561721E+00  0.6066139366367788E-02  0.8281374330183596E+01
     31  -0.3879470122115417E-03 :   0.1596181851117545E+00 -0.1618452982342225E-01  0.4029521490764392E-02  0.1420163159771383E+01  0.6376460287885745E-01  0.3102999492004453E+02
     32  -0.2885478049563017E-01 :   0.3005542723360983E+00  0.2229197780233218E-01  0.3195018898190936E-01 -0.3136007855276945E+01  0.4220462691641532E-02  0.8972193048434015E+00
     33  -0.2111586509635429E-02 :  -0.1800007297750808E+00  0.4916380034811620E-02  0.1379088623193250E-02 -0.4559619520760454E+01 -0.5130964088605674E+00  0.7887439362444425E+01
     34  -0.2422267462313784E-01 :   0.1608179307664735E+00  0.6171715784362732E-03 -0.1964308425498898E-03 -0.4053384997305801E+01 -0.1111075160614045E-01  0.1152462155705031E+01
     35  -0.7300714088541449E-01 :  -0.1528664840466023E+00 -0.7192764204460261E-04 -0.8138029924840983E-03  0.8896942443819322E+00  0.5630540196452146E-01  0.1548043086246651E+01
     36  -0.4244840458939408E-01 :   0.1592005483006247E+00  0.3920103707482955E-02 -0.3519101723780840E-03  0.2383740251135173E+01  0.5612325161669305E-02 -0.8232304378571387E+00
     37  -0.5752216662678124E-01 :   0.1848643419415977E+00  0.1423358776628414E-02 -0.1259996924194670E-02  0.1060117444064782E+01  0.6522581861939867E-02 -0.7119413162919388E+00
     38  -0.1096036336098348E-01 :   0.8293210356903199E+00 -0.1355349718106472E+00  0.1229890732504200E+00  0.4511128599101689E+00 -0.8642917152448665E-01 -0.1437564972221683E+01
     39  -0.1145256607560518E-01 :  -0.1669652112581605E+00  0.3582033959189690E-02  0.4441684290103586E-02 -0.1556760920488487E+01 -0.6658178683203364E-01  0.5865918876628319E+01
     40  -0.6556440214099314E-01 :   0.1585718294616780E+00 -0.5069186516801923E-02  0.2213106068793587E-03  0.1994627632791858E+01  0.4152042281019941E-01  0.1803199973274897E+01
     41   0.4826735113541199E-02 :   0.6878369375080360E+00 -0.8854094613158128E-01 -0.1522051182860793E+00  0.3833376659616625E+01  0.1362376627782642E+00 -0.2108051675919925E+01
     42  -0.4420540969354459E-03 :   0.2676941921001348E+00  0.6841375342725108E-02  0.5807143496066642E-02 -0.2567566651221879E+02 -0.9250553921521569E-02  0.2044119535249359E+01
     43  -0.1825925326820297E-01 :   0.3180468841610820E+00  0.1159188364273581E-01  0.2161276150970688E-01 -0.3857631024035703E+01 -0.5598488511847520E-01  0.1910833537944549E+01
     44   0.5693466585664175E-02 :   0.9202062411051644E+00 -0.7026336688293909E+00  0.8432398894166027E-01  0.9899582543931215E+00  0.5868996398301397E-01  0.1134058226887978E+01
     45  -0.8232365812649354E-02 :  -0.1306088185950472E+01 -0.6235579644829845E-01  0.2647430352021428E+00 -0.9498459304458179E+00 -0.4750623362751273E-01 -0.6682221176545287E+00
     46  -0.3760870589061902E-02 :   0.6602579774516618E+00  0.1374221456761350E+00  0.6701249579329009E-01 -0.7980961719381252E+00 -0.1021448846591858E+00  0.6488699722432927E+00
     47  -0.1495777140539781E-02 :   0.2756720476100110E+00  0.7601122684083006E-02  0.3578302069641841E-01 -0.1393860379537951E+02 -0.4666229661779050E-02  0.8625829174326036E+00
     48  -0.9313375762521545E-03 :   0.1965443715947099E+00  0.2508578567878098E-02 -0.7229760664715170E-02  0.6274044650139522E+00 -0.2447072108023605E-01  0.1897391946733155E+02
     49  -0.3948868205004496E-01 :   0.2278569877931656E+00  0.2306822312630422E-01 -0.5099301022508100E-02 -0.5762483608642388E+00  0.7961995965623303E-02 -0.1327349366152339E+01
     50  -0.5082329144557610E-02 :  -0.1575187611502543E+00 -0.4832515730727785E-03 -0.9281216501451704E-03 -0.7327182739851904E+01 -0.7201614329108733E-01  0.2181877191852014E+01
     51  -0.5376478227745429E-02 :  -0.3542092399604938E+01 -0.9753479464396886E-01  0.6679085065687033E-02 -0.2065299155251970E+01  0.7395852494556184E-03 -0.1017605554310331E+01
     52  -0.7254487308862281E-03 :   0.2713523836170227E+00  0.9563969326170797E-02  0.9130218729967376E-03 -0.1081315680411391E+02 -0.3088152577922905E+00  0.5241161495282451E+01
     53   0.9021322947999711E-04 :   0.1700234075930918E+01  0.8757807376667653E-01 -0.9569913524496213E-03 -0.6743454787861337E+02 -0.1426364432794426E-05  0.1889827684452381E+00
     54  -0.3023863437642592E-02 :  -0.8416733559503802E+00  0.1509329883616334E+00  0.1492294678400777E-01 -0.2339609630093861E+01  0.1397198131737119E+01  0.1439354822407493E+01
     55   0.1174533757383828E-03 :   0.2027460080637898E+00 -0.1522459588086303E-02  0.2040686511751951E-01 -0.2040637073223954E+02  0.2023854707962094E+02  0.2500387719681024E+01
     56   0.1977460767097730E-02 :   0.2505347793944536E+00  0.1157582811741228E-01 -0.8791411256373305E-02 -0.5456093806700572E+01  0.3013348014397951E+01  0.3612103468895654E+01
     57   0.1694240350663543E-02 :   0.1860151406748741E+00 -0.5981619230256062E-02 -0.7482546478168118E-02 -0.3955739189076655E+01  0.3591063310866213E+01 -0.1403953143679766E+01
     58   0.4559536777675939E-03 :  -0.7140618560877918E+00  0.1295037337853931E+00  0.5664804519223508E-01 -0.1219309367108429E+01 -0.2043965566544819E-01  0.1956613294478600E+02
     59  -0.4118347145386147E-02 :  -0.1721597526081506E+00  0.3645131494200691E-02 -0.4767159660797281E-02 -0.1194154473389463E+01  0.9144286590797005E-02  0.1113659342280902E+02
     60  -0.1103734280939976E-02 :  -0.3151995750893679E+00 -0.3475205170800627E-01 -0.1107876172511073E-01 -0.1183137033448755E+01 -0.3740769449813288E-01  0.1991412112398275E+02
     61  -0.1371619094973585E-03 :   0.2247020030658727E+00  0.2822972216843101E-01 -0.5378530318079239E-02  0.8120677929536954E+00  0.1266942018200382E-01  0.5332724949128601E+02
     62   0.1494794468159267E-01 :   0.1561371591912983E+00 -0.2049271454150729E-01 -0.6300291028046646E-02 -0.2013926890653355E+01  0.9411632692066360E+00  0.1651380865584259E+01
     63   0.1267357262684185E-01 :   0.2868492145420901E+00  0.4653795677741285E-01  0.3134261995975450E-01 -0.2026196888242456E+01  0.1379774416030749E+01  0.1754571676757561E+01
     64   0.6886488827970304E-03 :  -0.9025871391658447E+00  0.1449312007779692E+00  0.1608136498607122E-01  0.6452677327441447E+01  0.4319363245262529E+00 -0.4310142584476093E+01
     65  -0.1068204268878939E-01 :   0.3218455682738565E+00  0.8398791938962871E-01  0.2180356315872721E-01 -0.6238001263696393E+00 -0.2624944520274760E-02  0.3590037185764518E+01
     66   0.1433299878812610E-02 :   0.1362708737815920E+01 -0.1418452090340127E+01  0.3181161591595808E-01  0.7268827772290647E+00  0.1844214605637981E-01  0.2700155727479357E+01
     67   0.5478198018409379E-02 :   0.2468287092901815E+00 -0.4499736645912674E-01  0.2371085534972633E-01 -0.3120929498243221E+01  0.1091620022663631E+01  0.1829915740531570E+01
     68  -0.3507526621724641E-03 :   0.2278824576790206E+00  0.5366869919247958E-02  0.1925603331375682E-01 -0.3518108236201246E+02  0.1037273652559025E-02 -0.9207914202934896E+00
     69   0.3780847839186474E-02 :   0.5744901062851128E+00  0.3987174111035520E-01 -0.5742367236484741E+00  0.2600133408898829E+01  0.1138920645728709E-01  0.1002118086183350E+01
     70  -0.4162664373318496E-01 :  -0.3639524367232618E+00 -0.1203761793478402E-01 -0.4219278559192730E-01  0.7364167729848274E+00  0.3383574963129370E-01  0.1745482584711208E+01
     71  -0.1000981360154389E-01 :   0.1548040922218510E+00  0.2855859802280977E-02  0.2753475688831354E-01  0.5317942910872313E+00 -0.2650516660897313E-01  0.2567229831753227E+01
     72  -0.6468104789898138E-03 :  -0.8409236450157157E+00  0.9121777987642725E-01  0.1194579036146210E+00 -0.5510999522134003E+01  0.4555596350680256E+01  0.2531665464163524E+01
     73  -0.1230875925818735E-03 :  -0.2717166685687434E+00 -0.1744312632572780E-01 -0.5645397956670844E-02 -0.2605419363902781E+01 -0.7043354115729381E-01  0.4816802867253299E+02
     74   0.1037815102511490E-02 :   0.5918626436754651E+00 -0.4242107122820585E+00 -0.2923696419608361E-01 -0.8056651517061820E+00 -0.5472562622578946E-01  0.8464047892120297E+01
     75  -0.1015019455919548E-01 :   0.3103536521205825E+00  0.6548397129322089E-02  0.3412706045423727E-01  0.6681509344390314E+00  0.1612361258678816E-01  0.6101909313220418E+00
     76   0.3133274907185010E-01 :   0.6006196954050381E+00 -0.1069830525187395E-01  0.5398930585490902E-02 -0.1806506197178447E+01  0.1035392400236441E-02  0.2268673330683255E+00
     77  -0.2484395661846613E-01 :   0.1577526927877764E+00 -0.9941848934592080E-02  0.3725732334748490E-02 -0.6753297689522314E+00 -0.5034555197652638E-01 -0.9251920966857525E+00
     78   0.2497122196411028E-04 :   0.8003855051142429E+00  0.3103474565585884E-01  0.6470714164899426E-02 -0.1054350167781172E+03 -0.2321590167725356E-04  0.2526928632545310E+00
     79   0.1938783674967892E-03 :  -0.1235401865129044E+01  0.6282385691207164E-01  0.3718339358070256E-02 -0.3226139059733122E+01 -0.3728408271739256E+00 -0.1331965256013849E+02
     80  -0.3446890170782482E-02 :   0.3153665147542639E+00  0.3136883225244754E-01  0.4553925987072031E-01 -0.6338195807018760E+01  0.3034343324475396E-03 -0.7223139627655289E+00
     81  -0.1308837041226625E-03 :  -0.2262231174148400E+00 -0.4616796777055172E-01 -0.3093564589745304E-01 -0.7745715973228044E+01 -0.1368131719986227E+01  0.2117742956207615E+02
     82   0.2323230506420592E-03 :   0.8010795186399955E+00 -0.1708054017793550E+00 -0.3729982851693526E+00 -0.1392894262207964E+02 -0.1218630536347068E-02  0.1868990987149534E+01
     83  -0.3006873131882272E-04 :   0.1988636967031697E+00  0.4513600376477755E-02  0.4308460960086710E-02  0.1419218306673278E+01  0.3804673332485923E-01  0.1294019737429285E+03
     84   0.6087806046767383E-02 :   0.4764811868171597E+00 -0.4107766795482959E+00 -0.3260534130346708E-01  0.6982389000046744E+00  0.1682781104373145E-01  0.9948385740611584E+00
     85  -0.5520854717026799E-03 :   0.1668027455861590E+00  0.4406241515176497E-02 -0.8311657835454288E-03 -0.1482095849877578E+02 -0.3770360906458994E-01  0.3146984929651433E+01
     86   0.7334134067292630E-03 :   0.1422995616757056E+00  0.4921225429991959E-02 -0.1052452061854326E-01 -0.6025328672489290E+01  0.5573158326957475E+01  0.3296033171477283E+01
     87  -0.9215866191985774E-02 :   0.1510265183682669E+00  0.6272972897279832E-02  0.3624760601730299E-02  0.2891753198634119E+01  0.1578650413349390E+00  0.3645483601022767E+01
     88   0.2108584184496258E-02 :   0.8066681636627659E+00 -0.9040217517191128E+00  0.5026761032899421E-02  0.2278344930428657E+01  0.1664055249820647E+00  0.1339334536584815E+01
     89   0.1320587037450837E-02 :   0.3182011334558822E+00  0.1330283357997976E-01  0.6807332253105089E-01 -0.4906214248483902E+01  0.4421036470015906E+01 -0.2325033082575163E+01
     90   0.4355175538517543E-04 :  -0.8657007295687399E+00  0.1460637180232622E+00 -0.1887864577499849E-01 -0.2272870760259402E+01 -0.1047544137373773E+00  0.4765388271976991E+02
     91  -0.8099074692969642E-04 :   0.1702367775226385E+00  0.3671078570798111E-02  0.2130821027446105E-01 -0.3609892055400805E+02 -0.3263881038318681E-01  0.4553004896519446E+01
     92   0.1941921333443282E-04 :  -0.2131696806327750E+00 -0.2581097747327377E-01  0.1110098619455400E-01 -0.4719983249653545E+02  0.4703623016351483E+02  0.3872781081551111E+01
     93  -0.5009494626045858E-03 :  -0.1662047884986116E+01 -0.2114841496139587E-01 -0.1222906826346931E+00 -0.3512265509307364E+01  0.3151120889508761E+01 -0.9107428930718342E+00
     94   0.6283353124417068E-03 :   0.6435255050737916E+00 -0.1159759525566073E+00 -0.6590123842116778E+00 -0.5853048792683981E+01 -0.6689705390707900E-02  0.9139238099402696E+00
     95  -0.9943716947719901E-03 :   0.2165775321415724E+00  0.2008633443894618E-01  0.1523633597018141E-01 -0.5101888854258912E+00 -0.8818439090444581E-01  0.9238794563266822E+01
     96   0.6152824025850551E-05 :   0.1499184683306350E+01  0.3385540404041361E-01  0.1967941092650064E-02 -0.2791921540048662E+03  0.7777477825806804E-06  0.2131797341279322E+00
     97   0.1218425945727957E-02 :  -0.1352359904054300E+01 -0.4845868638920493E-01  0.1125765980337751E+01 -0.1932628064869812E+01 -0.7110203307390754E-01 -0.1236910602894970E+01
     98  -0.3859178860094989E-02 :  -0.1240219821032204E+00 -0.2369149345900856E-01 -0.5859309302667030E-03  0.1276652833511009E+01  0.2536004621928976E-01 -0.5095008948380912E+00
     99   0.5531991060432217E-03 :   0.2174881071699746E+00  0.1971429993793141E-01 -0.1097532253200067E-01 -0.8966799625137659E+01  0.8662536520955157E+01  0.2021246042260024E+01
    100   0.2389499990790861E-03 :   0.4985046420055514E+00 -0.9371889827849915E-02 -0.1315712073397500E+00  0.1955998887809093E+00  0.2815676517726786E-02  0.1857797376169226E+02
