 RGL1 WAVE FUNCTION FILE
 PARTICLES      4
 MASSES  0.1278639227775000E+05  0.1000000000000000E+01  0.1000000000000000E+01  0.1000000000000000E+01
 CHARGES  0.3000000000000000E+01 -0.1000000000000000E+01 -0.1000000000000000E+01 -0.1000000000000000E+01
 SYMMETRY (1+P23)(1-P24)
 BASIS_SIZE    100
 CURRENT_ENERGY -0.7336254321324987E+01
 ==============================
      1  -0.7979244093013210E-01 :      3   0.1681802119471897E+01  0.1395840273732066E-01 -0.3926389477428685E-03  0.8548234577943790E+00 -0.1082299598444385E-02 -0.2379772761457448E+00
      2  -0.1284277217181397E+00 :      3   0.1331877497073500E+01  0.1131499956870774E+00  0.4072986597202400E-03  0.1663603252095321E+01 -0.9870713005788486E-04 -0.2511331773576117E+00
      3   0.1120838998733502E+00 :      3  -0.1767178569002034E+01 -0.1043062318220346E-01 -0.2217707673857697E-04  0.7605496190345239E+00  0.1490448583701785E-03  0.8666584302622087E-01
      4   0.9017339044498188E-01 :      3  -0.1495753677420993E+01 -0.1022059910770617E+00 -0.1100185504020135E-04  0.2852942974764945E+01  0.4867909915797582E-05  0.8609110530332176E-01
      5  -0.4217401428988528E-01 :      3   0.8834485424968138E+00  0.3545147303855326E-01 -0.1318125360261764E-03  0.2662570325088114E+01 -0.5079470120054435E-04 -0.2389277118271066E+00
      6   0.3671343988950404E-01 :      3   0.4641794617763895E+01  0.2216270303062948E-01 -0.1624209266010070E-05  0.1416264542925115E+01  0.2042050767296673E-04 -0.8604807480630688E-01
      7  -0.4783387374111073E-01 :      3   0.2632464084845844E+01  0.4553906441315360E-01  0.3821139485558696E-03  0.1329080981003066E+01 -0.3740230053243090E-03 -0.2377815413386398E+00
      8   0.1747997861037965E+00 :      3  -0.1021098324074929E+01 -0.3897730909560931E-01 -0.6690663622483262E-04  0.1864294480984473E+01  0.3186542113353488E-04  0.8661781480333197E-01
      9  -0.8448729844716656E-01 :      3   0.8643982666405161E+00  0.5169891101156629E-01  0.1336791878192191E-03  0.1144096117239321E+01 -0.6301973848414975E-03 -0.2414548662470824E+00
     10   0.1794387667244853E+00 :      3  -0.2042630209013772E+01 -0.1077313266102661E+00 -0.2042360193521608E-04  0.1553946620689861E+01  0.2582659182341564E-04  0.8595861506150235E-01
     11   0.1306262468546574E-01 :      3  -0.1306433197859463E+01  0.3947566110806829E-03 -0.1690749691894467E-04  0.7648860720716025E+01 -0.3200320513036007E-05 -0.8628573131312704E-01
     12  -0.1519293095854104E-01 :      3   0.1155713961908621E+01  0.1725882158591126E-01 -0.9152460567431577E-03  0.4750659011348302E+01 -0.3168566853125743E-03 -0.2298520958238625E+00
     13   0.1035176747417960E+00 :      3   0.6762760294523310E+00  0.1196906385377087E-01  0.2153947151216679E-03  0.1238646281216128E+01  0.2518692531246002E-04 -0.8592385448378591E-01
     14   0.8222958679507410E-01 :      3   0.2915170873355679E+01  0.1250321091412460E-01  0.7804119828810748E-05  0.9671595811621593E+00  0.5443983262765673E-04 -0.8666110515303903E-01
     15   0.4129700886311415E-01 :      3   0.3181876533097152E+01  0.1272283503078752E+00  0.1683203928134999E-04  0.2561448432709964E+01 -0.1441701493803639E-05 -0.8646858216890468E-01
     16  -0.3885048817875068E-01 :      3   0.2017206289043762E+01  0.1584356885110297E+00 -0.3084390491775887E-03  0.2694485398686680E+01 -0.1780908846496603E-03 -0.2482926676399604E+00
     17  -0.6084098659214709E-02 :      3   0.7977719069370779E+01 -0.2385524019069322E-03  0.1074983921764988E-03 -0.9497556568272986E+00  0.5341798101403571E-03 -0.2371987975040440E+00
     18   0.4350841050799693E-01 :      3  -0.9331481118287116E+00  0.3782813564694231E-02 -0.7245227716517852E-04  0.4185501351941387E+01  0.1082227550487911E-05  0.8700424101767631E-01
     19   0.2244782567180437E-01 :      3   0.2123709653683290E+01  0.4450472587659571E+00 -0.1640733868420824E-06  0.4901880560569115E+01  0.2203694355532019E-05 -0.8581808563796550E-01
     20   0.6189939110546996E-02 :      3   0.1045311402927563E+02 -0.2265238939812200E-02  0.1012097142166221E-04 -0.1167586920906420E+01 -0.3092205635035866E-04 -0.8627814791848150E-01
     21  -0.1793322853193897E-02 :      3   0.8891920332886165E+00  0.2599514338791760E-01 -0.6405775225739502E-03 -0.1335079415374774E+02  0.2679620622662637E-04 -0.2381851608508627E+00
     22  -0.1496608389442486E-01 :      3   0.4808881303660663E+01  0.5291596058814012E-01 -0.2989206404568235E-03 -0.1802496724898002E+01  0.5615152120405607E-03 -0.2447031159399551E+00
     23  -0.4596586320778068E-01 :      3   0.1193451781381238E+01  0.1514524996078787E+00  0.1294178844333440E-01 -0.1745598882180429E+01  0.1540501077534366E-03 -0.4069612374515818E+00
     24   0.1207349181079076E-01 :      1   0.3922379691843519E+00  0.2088756138331496E-01  0.2922519404320218E-01  0.3727866053121259E+01  0.3100369809866747E-01 -0.1340790033403767E+01
     25   0.2225015864215660E-03 :      3  -0.8004054531027537E+00  0.3240858801193091E-01 -0.1629510860563312E-03  0.4466814697158682E+02 -0.9050425308011845E-06  0.8556243772718164E-01
     26  -0.2604079345494701E-01 :      3  -0.2236680287403804E+01 -0.3387167219650890E-01  0.5588808149621148E-03  0.1218734807164907E+01  0.8694185221409275E-02 -0.4134958083943157E+00
     27  -0.3283408114156795E-01 :      3   0.1186843704229991E+01  0.4335807765996429E-01  0.1356268437276870E-01  0.8584623050572385E+00  0.1928364295969368E-01 -0.4114416162082531E+00
     28  -0.2010045193724572E-01 :      3   0.3649637404590097E+01 -0.2688531917354335E-02 -0.1137726035488134E-03  0.7657171880449340E+00 -0.8734077424167519E-03 -0.2422055102872186E+00
     29   0.7646739084402153E-02 :      3   0.7510011526187525E+01  0.8111564314003096E-01 -0.3433431450167192E-05 -0.2426559104486588E+01 -0.1594853084266231E-04 -0.8670173590305946E-01
     30   0.1293969164541658E-01 :      3   0.6358643281192685E+01 -0.1554636178347428E-02  0.1804190962342683E-05  0.8041610451879401E+00  0.1053940185789057E-03 -0.8688933055667619E-01
     31   0.8352638855624596E-01 :      3  -0.8931383033443032E+00 -0.1841666300916908E-01 -0.1013797082629032E-03 -0.7193667254031400E+00 -0.1657802860174324E-03  0.8682891777839834E-01
     32   0.4512967052802389E-01 :      3   0.6464552865130412E+00 -0.1312702707246781E-02  0.2400865478828686E-03  0.2535288711607897E+01 -0.1546877935001782E-04 -0.8570239195223754E-01
     33  -0.2451137923442815E-02 :      3   0.6011231381957253E+00 -0.2908270468674377E-01 -0.3213614954801403E+00 -0.1873580621060663E+01 -0.1806799398227894E+00 -0.1323740361468807E+01
     34  -0.4983993939415942E-02 :      3   0.1691033496230117E+01  0.6688908838964303E-01 -0.3273871464161964E-03 -0.8256881533718857E+01 -0.1664823310316856E-03 -0.2568895908162533E+00
     35  -0.2912910991976381E-02 :      1   0.8714162429676402E-01  0.1809722014214460E-03  0.8414831853260143E-03 -0.1443526177009487E+02 -0.1497437238929910E-02 -0.8690442640100989E+00
     36   0.2683694941529442E-02 :      3  -0.2339827187748683E+01 -0.1548085968625987E+00 -0.1440928055780079E-04  0.1227772222701689E+02  0.1003912235222253E-04  0.8570244984193240E-01
     37  -0.7488643921892224E-03 :      3   0.2023467009059232E+02  0.2732938873866595E-02  0.7010549201462515E-05 -0.1339973552491196E+01  0.1802733212087110E-02 -0.2265763010482685E+00
     38   0.2253385730267084E+00 :      3  -0.1260864831324986E+01 -0.4608151134398501E-01 -0.2936080815901338E-04  0.1116258587474663E+01  0.2403216136601412E-04  0.8613426704036806E-01
     39   0.1451052377219926E-02 :      3   0.1865272768041633E+02  0.3948733250868936E-03 -0.9182815089091394E-05 -0.1727522693126566E+01  0.4531185913405975E-04 -0.8793984087245629E-01
     40  -0.6937846985225153E-02 :      3   0.4954704835208381E+01 -0.2838226778345173E-02  0.7043027750871201E-03  0.1051682401703183E+01  0.1808894946100749E-01 -0.4222949070765495E+00
     41  -0.2493641215545278E-01 :      3  -0.1843777691882508E+01  0.1082163967892600E+01 -0.4374090187560385E-04 -0.1492959071562113E+01 -0.1035518177983314E-03  0.8555539325467103E-01
     42  -0.1678672249595345E-01 :      3   0.2094444946007668E+01  0.4881295276640633E+00  0.1217741402578891E-03  0.1397067297090943E+01  0.1005497501983393E-03 -0.8392479090008753E-01
     43  -0.2212945283497743E-01 :      3  -0.5844973608537031E+00  0.1956623319874172E-01 -0.2675904248178297E-02  0.1798860448842856E+01 -0.1511788731067890E-03 -0.2614137200690035E+00
     44  -0.9897586581623541E-02 :      3   0.3046117521287445E+01  0.1311738876479699E+00  0.7161890111799901E-02 -0.2224753263673889E+01 -0.1178675846476321E-02 -0.4944243600146821E+00
     45   0.5785271918787290E-02 :      3  -0.3143091289144601E+01  0.2310689066824643E+01  0.1013661981947993E-02  0.2175653508229223E+01 -0.1702508919889737E-02  0.2386105948169184E+00
     46   0.4805659923235737E-02 :      1  -0.2684659801125737E+00 -0.6619795913025979E-02 -0.7738231844754111E-02  0.5692388681052281E+01  0.3224639661331746E-03 -0.6169745036036117E+00
     47  -0.1285753371378019E-01 :      3   0.3195381531790965E+01 -0.2237158073482319E+01 -0.5278712336781743E-05  0.2254319643763398E+01 -0.1765899615667139E-04 -0.8678019517336300E-01
     48   0.5675941825090261E-02 :      3   0.4345476540791142E+01  0.3549813732713941E+00 -0.8446863610414221E-05  0.5397010519505106E+01  0.1639730661052300E-04 -0.8620655036992000E-01
     49  -0.3230319032307813E-02 :      3   0.2146342952864644E+01  0.1941639463007532E+01 -0.1893420012488797E-04 -0.4924723014651243E+01 -0.4729101410803182E-05  0.8365083110894860E-01
     50   0.4390506725183475E-01 :      3   0.1280752580254348E+01  0.3108764273927014E+00  0.4843125994902026E-02  0.1716427992003709E+01 -0.1882112687227382E-02 -0.2898820631999577E+00
     51   0.1273780846227268E-02 :      3   0.6154993739047440E+01 -0.5338933774650459E+01  0.5615760206750829E-03  0.3192914525277085E+01  0.1145866767433608E-02 -0.2922668327963630E+00
     52  -0.7060696970227010E-02 :      3  -0.3358271064891945E+01 -0.2772764561412653E+00  0.4811256871964201E-04 -0.4513424605298097E+01 -0.3404093612019388E-03  0.2398504257698716E+00
     53  -0.1732360213371800E-02 :      3   0.9052539018400614E+00 -0.3504404359713279E-01  0.3068037252974011E-01  0.8528859686420946E+01 -0.6110321835362765E-03 -0.4897356881192450E+00
     54   0.1076219109059746E-01 :      1   0.7199513879043202E+00  0.7334727508589048E-01  0.1116048508354102E+00 -0.8834525107308098E+00 -0.5125940907803415E-01 -0.1728076809629586E+01
     55  -0.2043030323458487E-02 :      3   0.6197048191540770E+01 -0.4979130817483556E+01  0.7282592154686374E-06  0.3754455820966560E+01  0.3752332162780252E-04 -0.8481101358425745E-01
     56  -0.1573677595549731E-02 :      3   0.1044027593362663E+02  0.5766076289426639E-01  0.3562111558184818E-04  0.2675856168023646E+01  0.1009358053566029E-02 -0.2239491096578116E+00
     57   0.2166378040155819E-01 :      1  -0.2328520440635442E+00  0.3031997179869414E-02  0.6712529915059294E-02  0.5887410809926770E+00  0.2482000661456285E-01 -0.9998686722192041E+00
     58   0.2563851059205491E-03 :      1   0.2678354641482051E+00  0.9354260674929890E-04  0.3984950457903593E-02 -0.3554576524463445E+02 -0.6840865156350824E-03 -0.9638290103925100E+00
     59   0.1454249411323087E-01 :      3  -0.1676410422180319E+01  0.9593316580204231E+00 -0.1820692461636986E-02 -0.1382019679030680E+01 -0.1179653896056411E-02  0.2682226416796248E+00
     60  -0.1460510095658213E-01 :      3   0.6584910915968687E+00  0.1735126712521132E-01  0.4584883492099397E-01 -0.1343064412342989E+01 -0.2870485274424420E-01 -0.5944417795432424E+00
     61   0.7859842229788421E-03 :      3   0.1325303860386964E+02  0.1543572372014737E+00  0.1129134169425409E-04 -0.4254289842732110E+01 -0.7531597237230894E-04 -0.8558577344815328E-01
     62   0.1706967844866781E-03 :      3   0.5728486060446527E+02  0.1474182673871682E-03 -0.2765654376456963E-05 -0.1259052167420502E+01  0.2052819669324681E-04 -0.8768041212152027E-01
     63  -0.5206159678741080E-03 :      3  -0.2268961488812893E+01 -0.5810890459366711E-02  0.1041430082706602E-02  0.2068597131640534E+02  0.1043157989779904E-04  0.2558654790504251E+00
     64  -0.9159701729662283E-02 :      3   0.7204981695379329E+00 -0.4783240459445200E-01  0.4111428765713920E-01 -0.3016957790684695E+01 -0.6315220441407450E-03 -0.5276729854435707E+00
     65   0.5137576839217711E-02 :      3   0.6182538797643456E+00  0.7029066245916785E-01  0.2967516440442411E-03 -0.6989527258900508E+01 -0.8271597688003771E-05 -0.8464196786903855E-01
     66  -0.1242573629886229E-02 :      3   0.1216990282784971E+02 -0.9399558006951679E-02 -0.5319130779240921E-03 -0.1514160293096270E+01 -0.2671547743006974E-02 -0.3979982343331319E+00
     67  -0.8469934824083799E-03 :      1   0.8564855319391412E-01 -0.9260624240341131E-04  0.1476249319135847E-03 -0.2501332985965582E+02 -0.2252957191979250E-02 -0.1455351698333762E+01
     68  -0.3227592384410081E-02 :      1  -0.1192936901738111E+01  0.1087018359491460E+01  0.1500216956726953E-02  0.1009577582413080E+01  0.1028355894598434E+00  0.1449365364480189E+01
     69   0.6643171441185310E-03 :      3   0.2610594859942899E+02  0.1813435035338004E-02  0.6764411228433109E-05 -0.8689409617833440E+00 -0.1345061851572737E-03 -0.8529969575460680E-01
     70  -0.2323790804325405E-02 :      3   0.2224981836259760E+01  0.2678945132672096E+00  0.1627473871079765E-01  0.5749829493447691E+01 -0.2990094771665818E-02 -0.5693935500448162E+00
     71  -0.3218192385055243E-02 :      3  -0.3485744473606051E+01 -0.1932625218639618E-01 -0.4684857596723237E-01 -0.9479541944865986E+00 -0.1954992295295045E+00  0.9061179436513745E+00
     72  -0.9674410960487815E-04 :      3   0.5912883774288203E+02 -0.4278637982933295E-04 -0.4987822689611005E-04 -0.1136509088224217E+01  0.1151286272316260E-02 -0.2494852668540685E+00
     73  -0.3480482046679411E-03 :      3   0.1383827878755923E+01  0.1049582616773201E+00  0.5700353221519628E-01 -0.1849704145768166E+02  0.8225754912089109E-04 -0.5827240292114139E+00
     74  -0.1481441528879675E-02 :      3   0.6762371705358004E+01  0.3391341965387665E+00  0.3992686459115230E-03 -0.3519787795545131E+01  0.3603182311318830E-02 -0.3914762948552125E+00
     75   0.1385425232724829E-01 :      3   0.3608284122785966E+01 -0.8201784487034109E-02  0.7750671863507253E-05 -0.5792345592683803E+00 -0.3159139180645171E-03 -0.8497512841645008E-01
     76   0.2271014216123062E-02 :      3  -0.2903683290772817E+01  0.2108108470385286E+01 -0.2955821867711411E-01 -0.1826059060434911E+01 -0.4561180001866423E-01  0.5371822703746715E+00
     77  -0.9358226891102966E-02 :      3  -0.2321196119126169E+01  0.6238856553572620E-02 -0.1540673950454087E-02 -0.5474929312388701E+00 -0.3540249404101792E-01 -0.3703828657522062E+00
     78  -0.7799361668126509E-02 :      3  -0.1455727344106829E+01 -0.1739701753314178E+00 -0.9409542189519537E-01  0.2137030537313093E+01  0.5003563640331572E-01 -0.9112726849232285E+00
     79  -0.6854053273881075E-02 :      3   0.9617363981068932E+00  0.6170874698048872E-01  0.5019623693385643E-01  0.7906078334152230E+00  0.1217865264749759E+00 -0.1060516295611617E+01
     80  -0.1719225067129322E-03 :      1   0.8448320623320785E-01 -0.1182746610914956E-02 -0.1270376976343914E-02 -0.3242889739873025E+02 -0.1037011421734085E-02 -0.3475619449102119E+01
     81   0.1183705167045630E-01 :      3   0.1456671360363766E+01 -0.3275594709901742E-02 -0.1286279991870235E-03  0.4438408152676238E+00  0.4214976686158804E-03 -0.8433487838240740E-01
     82  -0.4373769595533814E-03 :      3   0.1740857485588259E+02  0.1847174680570670E-02  0.1892806557610970E-03 -0.6084729237343119E+00 -0.1186206027145359E-01 -0.2911518979319017E+00
     83   0.6091269057393580E-04 :      3  -0.1711289212046595E+01 -0.1360928553761177E+00 -0.8165426259184118E-04  0.9543785985518718E+02  0.8451386559781882E-06  0.8481887895590677E-01
     84  -0.6074901953427523E-03 :      3  -0.5423185820165705E+01 -0.1077566447969883E+01 -0.5515782542565487E-03  0.1092151292312800E+02  0.2702234768158064E-04  0.2869784454428907E+00
     85  -0.6077531959000704E-03 :      3  -0.8074665770329588E+01 -0.1634640705855041E-01 -0.5290985147545524E-01 -0.1824700113000134E+01 -0.8568547982699094E-01  0.9357316618061819E+00
     86   0.1248462545539914E-02 :      1   0.1237581276664042E+01  0.4856502929047776E-01 -0.1586902892919316E-04  0.5141402314249857E+01 -0.1669374667115042E-02  0.8506471727017171E+00
     87   0.3627567887993033E-04 :      1   0.2979812672560465E+00  0.6865737245633646E-02  0.2055049150058190E-01 -0.9696895315067697E+02 -0.1649098886811096E-02 -0.1692555632713624E+01
     88  -0.1306423598799366E-03 :      3   0.3395945727306330E+02  0.2262225958450688E-01  0.1103749058046786E-03 -0.3317760162519907E+01  0.2955616921397312E-03 -0.3192671250105665E+00
     89   0.2438172024049947E-02 :      1  -0.2257555301539572E+01 -0.1125396305294626E+00 -0.4717100351965985E-01 -0.1001401485424215E+01 -0.1009904399020327E+00  0.1505067235299878E+01
     90  -0.7678017905708020E-02 :      3  -0.5457665095153020E+00 -0.1576190524089677E-01 -0.2145437972079870E-01  0.7963340481098854E+00  0.9988796913937056E-02  0.3554484526047197E+00
     91  -0.3400646432326009E-03 :      3   0.1557933165084770E+02 -0.1530065429220341E+02  0.7990080230002786E-05  0.2892292317228309E+01  0.4608434680943468E-04 -0.8605449101121533E-01
     92   0.5295867636009647E-03 :      3   0.6448134620859393E+01  0.1434976286828720E+01  0.4496410395206393E-06  0.1129695343343878E+02 -0.1218285928793912E-04 -0.8409580997918417E-01
     93  -0.6500721532522196E-03 :      3  -0.7815498677152106E+01 -0.1387128445677519E-01 -0.2828749658687109E-02 -0.5596895308634104E+00 -0.9601385691368744E-01 -0.5675784982620724E+00
     94  -0.1365868960262476E-01 :      3  -0.1115570437382718E+01  0.6143359712942278E+00 -0.1714288879476065E-03  0.1081409248934875E+01  0.1835608185202215E-03  0.8544273066520791E-01
     95   0.1857901878638951E-03 :      3  -0.1478532958734361E+02  0.1455235369108428E+02 -0.5719323146050588E-04 -0.2469585337268068E+01 -0.1149409139154724E-02  0.2667437324201732E+00
     96  -0.9618065319886436E-03 :      3  -0.6316980302718625E+01  0.6128516470645244E+01 -0.1340122355128808E-04 -0.1594654776327687E+01 -0.8830311405341268E-04  0.8324591911641437E-01
     97   0.1807460860777238E-04 :      3   0.1692185419893900E+03 -0.6357903808992989E-05  0.1592844192469069E-06 -0.1007989089505499E+01 -0.8591821775187863E-04 -0.7962376302797171E-01
     98   0.9626609794594751E-03 :      3   0.1372240867853000E+02  0.4402209902174925E-02 -0.3131812701149611E-05 -0.5971520717195261E+00 -0.3896034802940683E-03 -0.8527541597402759E-01
     99   0.1455348728659149E-03 :      3   0.3848089829398801E+02  0.2106277763280237E-01  0.9720641670332269E-05 -0.3073738129771630E+01 -0.1109974809013864E-04 -0.8326330858955468E-01
    100  -0.1071301151539276E-03 :      3  -0.3159158409863242E+02 -0.1627182453972608E-02 -0.1466661665748866E-02 -0.8987573140950436E+00 -0.8974414025026826E-01 -0.5977273832487298E+00
