 RGL1 WAVE FUNCTION FILE
 PARTICLES      4
 MASSES  0.1278639227775000E+05  0.1000000000000000E+01  0.1000000000000000E+01  0.1000000000000000E+01
 CHARGES  0.3000000000000000E+01 -0.1000000000000000E+01 -0.1000000000000000E+01 -0.1000000000000000E+01
 SYMMETRY (1+P23)(1-P24)
 BASIS_SIZE    100
 CURRENT_ENERGY -0.7409338484593410E+01
 ==============================
      1   0.9472001157011227E-01 :      1  -0.1588071858878100E+00  0.1857000154440495E-03 -0.4192903771723222E-03  0.1000378862414462E+01  0.4082222054496266E-01  0.1983549075123882E+01
      2   0.1050949315614437E+00 :      1  -0.1908810866363207E+00 -0.1558967965852046E-02 -0.9949766225495233E-03  0.1716467520379922E+01  0.1154764653155981E+00  0.1343334260858389E+01
      3   0.2291179227080557E-01 :      1  -0.1735777911496950E+00 -0.8419051772502131E-03 -0.2364700928227288E-02  0.8250434565391184E+00 -0.1545688386494645E-01  0.4085544835372218E+01
      4   0.2234667220568900E-01 :      1   0.1457677011960131E+00  0.3488261266469753E-02  0.4257994288340360E-02  0.4138605270393692E+01  0.2946214705701439E-01  0.1448014669620785E+01
      5   0.4881482276961678E-01 :      1   0.2127540863060622E+00 -0.3893480956332649E-02  0.7830825700780288E-02  0.1566392399366228E+01  0.6187793577006214E-02  0.6313782601932298E+00
      6   0.2542715452892126E-02 :      1  -0.1650826480362148E+00  0.8679055497357120E-04  0.8058874700646780E-03  0.7531156394444176E+00  0.9643821137108564E-02  0.1080444287189406E+02
      7   0.5083195717612164E-01 :      1  -0.1943844665723462E+00  0.3652476163559438E-02  0.2846441496523845E-02  0.2970210531594715E+01  0.1191372422470801E-01 -0.9943978140072797E+00
      8   0.3947957266624805E-01 :      1  -0.1556040719265789E+00  0.1433430229974113E-02  0.1249340895319631E-03  0.2445705610666552E+01  0.8974657807879693E-01  0.2186138919639118E+01
      9   0.2349583114805614E-01 :      1  -0.1338570209587663E+00 -0.1467963176563422E-02  0.3798637803410995E-02  0.1404401742251496E+01  0.8406537948448166E-01  0.3212739651364473E+01
     10   0.7869174649456899E-01 :      1  -0.3105171279408209E+00 -0.1123322469557493E-01 -0.1912157958969693E-01 -0.1841382849788549E+01 -0.1095267058167891E-01 -0.9124830277334391E+00
     11   0.8607417282061719E-02 :      1   0.1538133991351641E+00 -0.3425202018792033E-03  0.1232974925643988E-02  0.6015694507739878E+01 -0.1255499633845739E-02  0.7273899206675398E+00
     12   0.1513826197415637E-01 :      1   0.1792757561447067E+00  0.6243244964816356E-02  0.1308400053959515E-02  0.2480996168588208E+01  0.1693582787099280E+00  0.4231760663616816E+01
     13   0.1638630926895051E-01 :      1   0.2833640073705001E+00  0.9087110884596461E-02  0.6829522340824444E-02  0.4587364540209733E+01  0.1856030800073761E-02  0.1017590337904460E+01
     14   0.7195528763576962E-01 :      1  -0.2405062934204053E+00 -0.2095357285387189E-02 -0.2894952840768401E-02 -0.1454947947073473E+01 -0.1296745950726165E+00  0.2706243370571616E+01
     15   0.5147164431450185E-01 :      1   0.1940838749165668E+00  0.5042388015098729E-02  0.7736119643084950E-04  0.6576661611495288E+00  0.1023562531029486E-01  0.1150970194185919E+01
     16   0.1918035563064609E-01 :      1  -0.2774586189455728E+00 -0.3357806278987458E-02  0.2791537861470500E-02  0.1292286678307528E+01  0.5688943026989832E-01  0.4790092382386816E+01
     17   0.2086493800189766E-01 :      1  -0.8120569134753111E+00 -0.2453034604193854E-01 -0.7022514971329281E-01 -0.9053095377062989E+00 -0.6308837663742008E-01 -0.1530797443844379E+01
     18   0.3667563035543575E-02 :      1  -0.1423430179403806E+00  0.1419170801116470E-02  0.5121851764637146E-03  0.7092504907976664E+01  0.1067425005917554E+00  0.2580064452637409E+01
     19   0.2933208001004357E-02 :      1   0.1512583374219393E+00 -0.2951119306670042E-02 -0.6190464687776436E-03  0.1195182189531022E+02 -0.4356884106050629E-03  0.1157104880180938E+01
     20   0.1336957932321898E+00 :      1   0.2707807287871230E+00  0.3743899040136688E-02  0.1459236381077217E-02 -0.1075993091520079E+01 -0.4561885285481567E-01  0.1433744276217412E+01
     21   0.5435381821865403E-03 :      1   0.1512893796211208E+00  0.3363020483809604E-02  0.5623819504934980E-02 -0.1030592163332233E+01 -0.1414514886732946E-01 -0.2621350816270475E+02
     22   0.3547908535764618E-02 :      1   0.3176820341511705E+00  0.1208707012627743E-01  0.2806353881621512E-01  0.9618254431946232E+01  0.1719602384548810E-02  0.8123083102336023E+00
     23   0.1904566820214586E-01 :      1   0.2571515249749580E+00 -0.5984631947381452E-03 -0.1848419613136423E-02 -0.4086928670376228E+01 -0.9893490086138708E-01 -0.2507810472440969E+01
     24  -0.4291515694612297E-01 :      3   0.9590497619027383E+00  0.7834126256720410E-01  0.3585445599019782E-01  0.1237409769388164E+01  0.6917715637492979E-02  0.4989004678192213E+00
     25   0.3354842903224507E-01 :      1  -0.3365615868364475E+00 -0.1856170671811133E-01  0.6929633355782514E-04  0.8334348721582017E+00  0.3841223310262821E-01  0.2663186571780902E+01
     26   0.8132703568688251E-02 :      1  -0.7852267295084316E+00 -0.1863273863846755E+00 -0.1673613955460121E+00 -0.2658030784502156E+01 -0.1290370395981992E+00 -0.1706272050942454E+01
     27  -0.1104893849168822E-01 :      1   0.1567520596968895E+00 -0.6720295306835686E-04  0.8113826147545314E-03 -0.2585837614237164E+01  0.1666476168937225E+01  0.1850264131127586E+01
     28   0.5734532363633572E-01 :      1  -0.2916235100425024E+00 -0.3989342243301545E-02  0.1084081936304809E-02  0.2378486975066995E+01  0.6800787302521519E-01  0.1671693798784756E+01
     29  -0.3975120028793335E-01 :      1   0.1582824958994078E+00 -0.2344071621088858E-02  0.4288179571300804E-02  0.1773597801989257E+01  0.3585455241410312E+00  0.1280340269550407E+01
     30   0.8709131663383499E-02 :      1  -0.1478475968243108E+00  0.5049250079077146E-04 -0.1070979274950464E-02  0.1281933001747369E+01  0.2739592966217362E-01  0.6917836768996865E+01
     31  -0.2985056153033859E-02 :      1   0.1624668968794747E+00  0.1296542655134453E-02  0.3361124651442296E-02 -0.4634037735229861E+01  0.3478304784129587E+01  0.3483021851402149E+01
     32   0.4606084752123599E-02 :      1   0.2390277762177175E+00 -0.5209695117438040E-02  0.2437461012489001E-02  0.1988348670120174E+01  0.1259671130387716E+00  0.8591878132332708E+01
     33  -0.1552976891256743E-01 :      1  -0.1759635824641004E+00 -0.1501478038609654E-02 -0.2750613516885560E-02  0.1304824229159400E+01 -0.7289664700186300E+00 -0.1150576490648576E+01
     34  -0.7662391126820147E-02 :      3   0.9493203521361487E+00  0.1324178812754218E+00  0.2636978644650087E-01  0.1525340747495797E+01  0.1350661843255461E+00  0.1381947728610934E+01
     35   0.2833778423219730E-01 :      1   0.4349581820961573E+00  0.3460184860586430E-01  0.2535664603038950E-01  0.6204687594410617E+00  0.1732371469248922E-01 -0.1399135287314684E+01
     36   0.7223011155419002E-03 :      1   0.1995964464260977E+00 -0.3595773260414361E-02  0.2213838475646324E-02  0.1953981276251459E+02  0.1426280516948872E-02  0.6660426441939077E+00
     37   0.1333798157818143E-01 :      1  -0.4231683624895782E+00  0.6988727748427088E-03 -0.1109187805363745E-01  0.2268210670696972E+01  0.1767166237642902E+00 -0.3484474830485277E+01
     38   0.1162863812763304E+00 :      1   0.1552880966270817E+00  0.1459951961040411E-02 -0.1220076728764693E-02 -0.1182556839904501E+01 -0.2791195735790334E-01  0.9408967376000710E+00
     39   0.4295080829465016E-01 :      1   0.4791106983848136E+00  0.3339978863412545E-01  0.2212737402515266E-01  0.1419398996365024E+01  0.7679476663944410E-01  0.1934001594442947E+01
     40  -0.1213793569114091E-01 :      1  -0.3256098333740760E+00 -0.8413108760460268E-02 -0.2475958849695673E-01  0.1806121796548591E+01 -0.1001924682391163E+01 -0.1329925886133146E+01
     41   0.8737392398976841E-02 :      1  -0.5653243575713491E+00 -0.5520335006660651E-01 -0.5290806212892157E-01  0.8401593772983040E+00 -0.3429665688218737E-02  0.4015214910887932E+01
     42   0.1151554483253506E-02 :      1  -0.1450572183467505E+00 -0.1136106861233748E-01  0.1784923603663722E-03  0.2280199679954592E+01  0.1009157957319108E+00  0.1441156184991862E+02
     43   0.1924596647165476E-03 :      1   0.1970695543773459E+00 -0.7238381228844037E-02 -0.1013135661975950E-01  0.2234176749150264E+01  0.1185836888528360E+00 -0.4274598619116565E+02
     44   0.1474848823023137E-02 :      1   0.2995321871896546E+00  0.4535353117216675E-02 -0.3073727602701909E-02  0.1411310622975841E+02  0.3660916624713744E-03  0.1911596450923134E+01
     45   0.2895169022653438E-01 :      1  -0.2236789036760898E+00 -0.1184852663512709E-01 -0.2758584316208420E-02  0.6263133349221438E+00 -0.1574912730666552E-01  0.2273246500797378E+01
     46   0.8602457085509687E-02 :      1  -0.2215756798372275E+00  0.1807937294970501E-02  0.2482328254312604E-02 -0.7160345809146360E+01 -0.5309699526084097E-02 -0.1416233670322979E+01
     47   0.5682274773906774E-03 :      1  -0.1557195461126426E+00 -0.4334208667035330E-02 -0.1063240391140647E-02  0.2226918737187066E+02  0.7088375127824649E-02  0.1961836921188273E+01
     48   0.8505679472981515E-02 :      3   0.1419423894332008E+01  0.3854303362943155E-01 -0.1346993717386900E-01 -0.9985584524298597E+00  0.3822714710947041E+00  0.5791639956999705E+00
     49   0.1988178563738431E-02 :      1  -0.2574304322587553E+00  0.1664708399841906E-02  0.1887354842787158E-02  0.1154921593871622E+01  0.2580073630761021E-01  0.1556066556899068E+02
     50   0.2630835829948461E-02 :      1  -0.3494227121313432E+00 -0.1938806251291550E-02 -0.9557737844128384E-02  0.4116476619621942E+01  0.5864949306413920E+00  0.6239237555558013E+01
     51   0.5285776185203422E-02 :      1  -0.4673549917938947E+00  0.1821692716340362E-02 -0.4114678381403047E-01 -0.5946278428190196E+01 -0.3839911748670662E-01 -0.1740755728238071E+01
     52   0.6378456675025609E-02 :      1  -0.1105979643516918E+01 -0.1364779547333477E+00 -0.8230153880416330E-01 -0.1019383332757958E+01 -0.2671591239789829E-01 -0.2718737671369329E+01
     53  -0.1314489220844930E-01 :      3  -0.5926300518494104E+00  0.1953897300473962E-01 -0.3594420149799815E-01  0.2216220283158164E+01  0.1951317806029738E-01  0.6640493733915304E+00
     54   0.5911540294965390E-02 :      1  -0.2786556459392643E+00 -0.1799719775227361E-01  0.2926015371035297E-03  0.6919528898921387E+00  0.1899798252020897E-01  0.6659587280058135E+01
     55   0.3080902998415527E-01 :      1   0.1370412230567682E+00  0.2992114171291508E-02 -0.6842162003225815E-04 -0.2387301939903056E+01  0.1835334958028164E-02 -0.7290193744397712E+00
     56   0.1482616954136647E-03 :      1  -0.1517216208523500E+00 -0.2266903291319885E-02  0.1677578317640363E-02  0.5283377417149882E+02 -0.4325343825840728E-03  0.1012242657183329E+01
     57  -0.4433942954799984E-03 :      1   0.2301367815454800E+00 -0.7927455714487667E-02 -0.1302499501339804E-01 -0.9841819859150748E+01  0.8328999297852082E+01  0.4852538554270684E+01
     58  -0.5862751476285096E-02 :      1   0.2990471317808031E+00  0.4626124104717191E-03 -0.4523148491862649E-03  0.3459061071686407E+01 -0.2099216689571211E+01 -0.2378469273300427E+01
     59  -0.8830266600278285E-02 :      3  -0.6242165830901120E+00 -0.4385745035233413E-01 -0.1981389270763165E-02 -0.8392502097415490E+00 -0.1292702169582236E+00  0.8563295169090027E+00
     60   0.5494575944842930E-01 :      1   0.2741450101033506E+00  0.1238239915107514E-01  0.1324219856492182E-01 -0.8612372083379490E+00 -0.3942446186353189E-01 -0.8227027913428379E+00
     61  -0.2587486495923331E-02 :      3  -0.6553352019979456E+00  0.9913925155162911E-02 -0.4019377026466795E-01  0.5952886638369598E+01 -0.5412316165944572E-02  0.7056589140271404E+00
     62  -0.1757218127827446E-02 :      3  -0.1719798739850076E+01 -0.8457613065421257E-01 -0.6989701800990487E-01  0.1081798045607800E+01  0.2768489131418151E+00 -0.2981781265031570E+01
     63   0.4596865251752471E-03 :      1   0.2984565220474806E+00  0.1225505517793627E-02  0.1665295006683594E-01  0.2916875005200709E+02  0.3405656776922386E-02  0.1215773306529472E+01
     64   0.1373288254045662E-01 :      1   0.1408629022586956E+00 -0.2570792475672032E-02  0.2083757510249541E-02  0.8036513464556335E+00  0.1682740583716831E-01  0.5679013005594929E+00
     65   0.3036411880677030E-02 :      1  -0.4669608704265649E+00 -0.5344717755143048E-01 -0.1433853691509356E-01  0.1311342987046562E+01 -0.3705663479623119E-01  0.8714193048553110E+01
     66   0.1465293990949275E-02 :      1  -0.2291936739403284E+00 -0.1026584300706183E-01 -0.3506188140844054E-02  0.9786634648460527E+01  0.1934187236943503E+00  0.3921350924244787E+01
     67   0.4500590321464571E-02 :      3   0.1049149695035940E+01  0.1008251023131662E+00  0.7728767738897707E-01 -0.1626470731390384E+01  0.7794079355033963E+00  0.1050455469412195E+01
     68   0.1105323431603255E-01 :      1   0.2841810220838731E+00 -0.3728047975651680E-02  0.2629421221265984E-01 -0.3518351712937746E+01  0.8890695983857225E-03 -0.5540861313819679E+00
     69  -0.2367984280443380E-02 :      2  -0.1346192983532315E+01  0.4499180593569718E-01 -0.2344983046497201E-01  0.1077402366514185E+01 -0.5524002914139489E-01  0.1344859775015846E+01
     70   0.1906323938522838E-01 :      1  -0.4613312607828560E+00 -0.1104872942068950E-03 -0.7350567641430780E-01 -0.3159337164835545E+01 -0.1234842588395048E-01 -0.1134825759466090E+01
     71   0.1592767290319930E-03 :      1   0.2862494463149494E+00  0.1392123585625078E-01 -0.1065064559186281E-02 -0.7672432964145951E+00  0.7905099646189750E-01 -0.4261490343868633E+02
     72   0.4001274314197734E-03 :      1   0.3503354151717864E+00 -0.1680784003914904E-01  0.1516896640152206E-01  0.3257967807753199E+01  0.1097930338105739E+00  0.1912807566957193E+02
     73  -0.7968868140593285E-03 :      1   0.4500098893533452E+00  0.2393641537798553E-01  0.7050027012740209E-01 -0.6511274360259086E+01  0.6029600372495675E+01  0.2878723105441120E+01
     74  -0.1218073879562146E-02 :      1   0.2322534804190412E+00  0.9948266083754024E-02  0.7098730927086936E-04  0.5003893482786076E+01 -0.4833329204509487E+01 -0.1517432646993946E+01
     75   0.5358677070050892E-04 :      1  -0.2873013474261933E+00 -0.2587282337613019E-02 -0.2788582785575105E-02  0.7521824846059019E+02  0.2388908125389732E-02  0.2351510795425240E+01
     76  -0.2515662423338155E-02 :      1  -0.6562554384826120E+00 -0.2841587351349558E-01 -0.2440895996365237E+00  0.2428350528815271E+01 -0.1924152383753157E+01 -0.1753395204190894E+01
     77   0.5171223888586180E-03 :      1  -0.6703620066369651E+00  0.1140242696938848E-01 -0.1110367744003233E+00 -0.1642565744996248E+02  0.2812476703644565E-02  0.1091807823535166E+01
     78   0.7033366096483891E-01 :      1  -0.1379803036938333E+00  0.2088205881680471E-02 -0.4666078904613821E-02  0.1761986533193876E+01  0.1747225946825178E+00  0.1341350732229730E+01
     79   0.4826312211056582E-04 :      1   0.2072989432344529E+00  0.2462980602141681E-02  0.4949073466090440E-02 -0.1190643250372066E+01 -0.7032103015632363E-01 -0.1053246152663531E+03
     80   0.2208538251903082E-02 :      1   0.8439636630938239E+00  0.1331691410694208E-01  0.1672493662172057E+00 -0.2216679132647702E+01 -0.2734342265229708E+00  0.4706323119710627E+01
     81  -0.1593489646016613E-02 :      3  -0.1009879660058848E+01 -0.1989602159388335E-01  0.2853045953803331E-01 -0.4482469547022968E+01 -0.8616063269740656E-01  0.1566150366717876E+01
     82   0.5594317266391831E-03 :      1  -0.1203963917543001E+01 -0.2588266324463980E+00 -0.5343371145837472E+00 -0.1015265462050811E+01 -0.9761599976264004E-01  0.9391182160106503E+01
     83   0.1442393175188315E-03 :      1  -0.2061538644171264E+00  0.1421108420916126E-01 -0.4843770784884543E-02  0.2839959453234382E+02  0.7862878948160529E-01  0.5051112268757199E+01
     84   0.1025336192038039E-01 :      1  -0.3845610702104145E+00 -0.2790133815213232E-01 -0.3269761779053742E-01 -0.1008866883228877E+01  0.4398539614747964E-02 -0.4944760350306780E+00
     85   0.3311161995575031E-02 :      1   0.1467808799102912E+00 -0.8011600152543699E-02  0.1542749555654713E-02  0.4122030467434895E+01  0.4982691060989956E-01  0.5376579047093220E+01
     86   0.1798017599750833E-03 :      1   0.5426284895743794E+00  0.6671991837138615E-01  0.7058295357513922E-01 -0.1658217033181878E+01 -0.1421278533385660E+00 -0.3066508900286695E+02
     87   0.2479221968567272E-01 :      1   0.1264637039279348E+00 -0.1595103778905945E-02  0.2798052740294651E-02 -0.6848011563651379E+00 -0.2914293247000046E-01 -0.1416268800912092E+01
     88   0.2161927644754819E-02 :      3   0.3265986664603621E+01  0.2057375382724086E-01 -0.8837073808777676E-02 -0.1347104512083437E+01  0.7629135941770381E+00  0.7559277848318556E+00
     89  -0.2955313759702880E-02 :      3   0.1184174021281571E+01  0.1430107221387344E-01 -0.1554293948914195E-01 -0.6074995951446197E+00  0.1093133200892979E+00  0.1715314646049273E+01
     90   0.6498660360374350E-03 :      1  -0.6598265962958905E+00  0.1130621240158517E-01 -0.1612884310595387E+00 -0.9533413612643090E+01 -0.1922130002455245E+00  0.3302503249709038E+01
     91   0.4272294533225539E-04 :      1   0.5226463358768145E+00  0.7159827130837937E-02  0.6798429062586106E-01  0.6682731223999411E+02 -0.3709537731844370E-03  0.8380162960243454E+00
     92  -0.1269842811891815E-03 :      1  -0.2538601660145363E+00 -0.6674617314574312E-02 -0.8442546778373559E-02 -0.2226180375610174E+02  0.2214435994568575E+02  0.2698130664012485E+01
     93  -0.7464132178086415E-02 :      1   0.2365095990942134E+00  0.1064788358182491E-01 -0.1575745161017533E-01 -0.1830170538280573E+01  0.1209589524482477E+01  0.2229713381553819E+01
     94   0.6827284648276275E-03 :      3  -0.1580038930842903E+01 -0.8392169373873394E-01 -0.4584707940795174E-01  0.3261024924476772E+01 -0.2662699745111135E+01 -0.1362931443867131E+01
     95   0.3999809179493583E-02 :      1  -0.1234397078013592E+00  0.2599626912625199E-02  0.5117393097021909E-02 -0.5477717654202962E+00 -0.2225328907280091E-01  0.3441016863265927E+01
     96   0.1244324377686800E-04 :      1   0.2115867316882065E+00 -0.3541971621152365E-02  0.8844114794007240E-02  0.2062799675142024E+03  0.1857946540542364E-03  0.1190202062807384E+01
     97   0.3560378024789705E-03 :      1  -0.4745398472925723E+00 -0.9446812778444053E-01  0.4128711196271374E-02  0.5937036384017108E+00  0.4699280825408380E-01  0.1682872184346967E+02
     98  -0.3921806574654572E-03 :      1  -0.1511073870510759E+00  0.4704898778481952E-02 -0.3600294202596060E-02  0.9931664890576089E+01 -0.9605069202284586E+01 -0.2091690340254361E+01
     99  -0.7702912455543332E-02 :      1   0.2563285787681969E+00 -0.2415320110263670E-02 -0.5834850260299516E-02  0.1370839230974735E+01  0.8304180556523930E+00 -0.2683481716854692E+01
    100   0.4796793959963876E-03 :      1  -0.1874597276528648E+00 -0.1125395621325986E-01  0.1757180485405340E-01 -0.6771452396847009E+01 -0.1055518384562717E+01 -0.1172610328848496E+02
