0.000000
0.000005
0.000010
0.000015
0.000020
0.000025
0.000030
0.000035
0.000040
0.000045
0.000050
0.000055
0.000060
0.000065
0.000070
0.000075
0.000080
0.000085
0.000090
0.000095
0.000100
0.000105
0.000110
0.000115
0.000120
0.000125
0.000130
0.000135
0.000140
0.000145
0.000150
0.000155
0.000160
0.000165
0.000170
0.000175
0.000180
0.000185
0.000190
0.000195
0.000200
0.000205
0.000210
0.000215
0.000220
0.000225
0.000230
0.000235
0.000240
0.000245
0.000250
0.000255
0.000260
0.000265
0.000270
0.000275
0.000280
0.000285
0.000290
0.000295
0.000300
0.000305
0.000310
0.000315
0.000320
0.000325
0.000330
0.000335
0.000340
0.000345
0.000350
0.000355
0.000360
0.000365
0.000370
0.000375
0.000380
0.000385
0.000390
0.000395
0.000400
0.000405
0.000410
0.000415
0.000420
0.000425
0.000430
0.000435
0.000440
0.000445
0.000450
0.000455
0.000460
0.000465
0.000470
0.000475
0.000480
0.000485
0.000490
0.000495
0.000500
0.000505
0.000510
0.000515
0.000520
0.000525
0.000530
0.000535
0.000540
0.000545
0.000550
0.000555
0.000560
0.000565
0.000570
0.000575
0.000580
0.000585
0.000590
0.000595
0.000600
0.000605
0.000610
0.000615
0.000620
0.000625
0.000630
0.000635
0.000640
0.000645
0.000650
0.000655
0.000660
0.000665
0.000670
0.000675
0.000680
0.000685
0.000690
0.000695
0.000700
0.000705
0.000710
0.000715
0.000720
0.000725
0.000730
0.000735
0.000740
0.000745
0.000750
0.000755
0.000760
0.000765
0.000770
0.000775
0.000780
0.000785
0.000790
0.000795
0.000800
0.000805
0.000810
0.000815
0.000820
0.000825
0.000830
0.000835
0.000840
0.000845
0.000850
0.000855
0.000860
0.000865
0.000870
0.000875
0.000880
0.000885
0.000890
0.000895
0.000900
0.020900
0.040900
0.060900
0.080900
0.100900
0.120900
0.140900
0.160900
0.180900
0.200900
0.220900
0.240900
0.260900
0.280900
0.300900
0.320900
0.340900
0.360900
0.380900
0.400900
0.420900
0.440900
0.460900
0.480900
0.500900
0.520900
0.540900
0.560900
0.580900
0.600900
0.620900
0.640900
0.660900
0.680900
0.700900
0.720900
0.740900
0.760900
0.780900
0.800900
0.820900
0.840900
0.860900
0.880900
0.900900
0.920900
0.940900
0.960900
0.980900
1.000900
1.020900
1.040900
1.060900
1.080900
1.100900
1.120900
1.140900
1.160900
1.180900
1.200900
1.220900
1.240900
1.260900
1.280900
1.300900
1.320900
1.340900
1.360900
1.380900
1.400900
1.420900
1.440900
1.460900
1.480900
1.500900
1.520900
1.540900
1.560900
1.580900
1.600900
1.620900
1.640900
1.660900
1.680900
1.700900
1.720900
1.740900
1.760900
1.780900
1.800900
1.820900
1.840900
1.860900
1.880900
1.900900
1.920900
1.940900
1.960900
1.980900
2.000900
2.020900
2.040900
2.060900
2.080900
2.100900
2.120900
2.140900
2.160900
2.180900
2.200900
2.220900
2.240900
2.260900
2.280900
2.300900
2.320900
2.340900
2.360900
2.380900
2.400900
2.420900
2.440900
2.460900
2.480900
2.500900
2.520900
2.540900
2.560900
2.580900
2.600900
2.620900
2.640900
2.660900
2.680900
2.700900
2.720900
2.740900
2.760900
2.780900
2.800900
2.820900
2.840900
2.860900
2.880900
2.900900
2.920900
2.940900
2.960900
2.980900
3.000900
3.020900
3.040900
3.060900
3.080900
3.100900
3.120900
3.140900
3.160900
3.180900
3.200900
3.220900
3.240900
3.260900
3.280900
3.300900
3.320900
3.340900
3.360900
3.380900
3.400900
3.420900
3.440900
3.460900
3.480900
3.500900
3.520900
3.540900
3.560900
3.580900
3.600900
3.620900
3.640900
3.660900
3.680900
3.700900
3.720900
3.740900
3.760900
3.780900
3.800900
3.820900
3.840900
3.860900
3.880900
3.900900
3.920900
3.940900
3.960900
3.980900
4.000900
4.020900
4.040900
4.060900
4.080900
4.100900
4.120900
4.140900
4.160900
4.180900
4.200900
4.220900
4.240900
4.260900
4.280900
4.300900
4.320900
4.340900
4.360900
4.380900
4.400900
4.420900
4.440900
4.460900
4.480900
4.500900
4.520900
4.540900
4.560900
4.580900
4.600900
4.620900
4.640900
4.660900
4.680900
4.700900
4.720900
4.740900
4.760900
4.780900
4.800900
4.820900
4.840900
4.860900
4.880900
4.900900
4.920900
4.940900
4.960900
4.980900
5.000900
5.020900
5.040900
5.060900
5.080900
5.100900
5.120900
5.140900
5.160900
5.180900
5.200900
5.220900
5.240900
5.260900
5.280900
5.300900
5.320900
5.340900
5.360900
5.380900
5.400900
5.420900
5.440900
5.460900
5.480900
5.500900
5.520900
5.540900
5.560900
5.580900
5.600900
5.620900
5.640900
5.660900
5.680900
5.700900
5.720900
5.740900
5.760900
5.780900
5.800900
5.820900
5.840900
5.860900
5.880900
5.900900
5.920900
5.940900
5.960900
5.980900
6.000900
6.020900
6.040900
6.060900
6.080900
6.100900
6.120900
6.140900
6.160900
6.180900
6.200900
6.220900
6.240900
6.260900
6.280900
6.300900
6.320900
6.340900
6.360900
6.380900
6.400900
6.420900
6.440900
6.460900
6.480900
6.500900
6.520900
6.540900
6.560900
6.580900
6.600900
6.620900
6.640900
6.660900
6.680900
6.700900
6.720900
6.740900
6.760900
6.780900
6.800900
6.820900
6.840900
6.860900
6.880900
6.900900
6.920900
6.940900
6.960900
6.980900
7.000900
7.020900
7.040900
7.060900
7.080900
7.100900
7.120900
7.140900
7.160900
7.180900
7.200900
7.220900
7.240900
7.260900
7.280900
7.300900
7.320900
7.340900
7.360900
7.380900
7.400900
7.420900
7.440900
7.460900
7.480900
7.500900
7.520900
7.540900
7.560900
7.580900
7.600900
7.620900
7.640900
7.660900
7.680900
7.700900
7.720900
7.740900
7.760900
7.780900
7.800900
7.820900
7.840900
7.860900
7.880900
7.900900
7.920900
7.940900
7.960900
7.980900
8.000900
8.020900
8.040900
8.060900
8.080900
8.100900
8.120900
8.140900
8.160900
8.180900
8.200900
8.220900
8.240900
8.260900
8.280900
8.300900
8.320900
8.340900
8.360900
8.380900
8.400900
8.420900
8.440900
8.460900
8.480900
8.500900
8.520900
8.540900
8.560900
8.580900
8.600900
8.620900
8.640900
8.660900
8.680900
8.700900
8.720900
8.740900
8.760900
8.780900
8.800900
8.820900
8.840900
8.860900
8.880900
8.900900
8.920900
8.940900
8.960900
8.980900
